0
16.861
41.861
66.861
91.861
116.86
141.86
166.86
191.86
216.86
241.86
266.86
293.546
322.901
355.191
390.71
429.781
472.76
520.035
572.039
629.243
692.167
761.384
837.522
921.275
1013.402
1114.742
1226.216
1348.838
1483.722
1632.094
1795.303
1974.834
2172.317
2389.549
2628.504
2891.354
3180.49
3498.539
3848.392
4233.232
4656.555
5122.21
0
-16.861
-41.861
-66.861
-91.861
-116.86
-141.86
-166.86
-191.86
-216.86
-241.86
-266.86
-293.546
-322.901
-355.191
-390.71
-429.781
-472.76
-520.035
-572.039
-629.243
-692.167
-761.384
-837.522
-921.275
-1013.402
-1114.742
-1226.216
-1348.838
-1483.722
-1632.094
-1795.303
-1974.834
-2172.317
-2389.549
-2628.504
-2891.354
-3180.49
-3498.539
-3848.392
-4233.232
-4656.555
-5122.21