0
1.433
2.288
2.904
3.242
3.541
3.83
4.115
4.403
4.692
4.983
5.277
5.592
5.941
6.329
6.749
7.161
7.647
8.181
8.65
8.989
9.186
9.332
9.513
9.708
9.906
10.102
10.325
10.545
10.763
10.956
11.12
11.245
11.302
11.256
11.074
10.729
10.239
9.653
9.023
8.404
7.874
7.223
0
-1.433
-2.288
-2.904
-3.242
-3.541
-3.83
-4.115
-4.403
-4.692
-4.983
-5.277
-5.592
-5.941
-6.329
-6.749
-7.161
-7.647
-8.181
-8.65
-8.989
-9.186
-9.332
-9.513
-9.708
-9.906
-10.102
-10.325
-10.545
-10.763
-10.956
-11.12
-11.245
-11.302
-11.256
-11.074
-10.729
-10.239
-9.653
-9.023
-8.404
-7.874
-7.223
