       0.00000           0.00000
       0.00671         156.33424
       0.01822         286.95187
       0.02973         386.45207
       0.04124         471.52612
       0.05276         547.64944
       0.06427         617.47438
       0.07578         682.53520
       0.08729         743.81795
       0.09880         802.00270
       0.11031         857.58292
       0.12182         910.93070
       0.13333         962.33520
       0.21667        1328.02258
       0.30000        1693.70995
       0.36000        1693.70995
       0.42000        1693.70995