       0.00000           0.00000
       0.00741          61.58080
       0.01886          89.77469
       0.03031         108.72200
       0.04176         123.73606
       0.05320         136.45084
       0.06465         147.62003
       0.07610         157.66282
       0.08754         166.83997
       0.09899         175.32633
       0.11044         183.24567
       0.12189         190.68931
       0.13333         197.72681
       0.21667         247.61983
       0.30000         297.51284
       0.36000         297.51284
       0.42000         297.51284