       0.00000           0.00000
       0.00420          41.71793
       0.01594          80.61579
       0.02768         105.88508
       0.03942         126.09623
       0.05116         143.43038
       0.06290         158.84466
       0.07464         172.86044
       0.08638         185.79891
       0.09812         197.87452
       0.10986         209.23888
       0.12159         220.00384
       0.13333         230.25471
       0.21667         301.36565
       0.30000         372.47660
       0.36000         372.47660
       0.42000         372.47660