       0.00000           0.00000
       0.00227          26.25361
       0.01419          74.75909
       0.02610         105.92114
       0.03802         131.31414
       0.04993         153.45438
       0.06185         173.41875
       0.07376         191.78980
       0.08568         208.92607
       0.09759         225.06732
       0.10950         240.38348
       0.12142         255.00038
       0.13333         269.01432
       0.21667         365.10928
       0.30000         461.20423
       0.36000         461.20423
       0.42000         461.20423