       0.00000           0.00000
       0.00203          26.66373
       0.01396          85.16767
       0.02590         123.50225
       0.03784         155.12902
       0.04977         182.94620
       0.06171         208.19935
       0.07365         231.56524
       0.08558         253.46206
       0.09752         274.17049
       0.10946         293.89011
       0.12140         312.76911
       0.13333         330.92124
       0.21667         455.32463
       0.30000         579.72802
       0.36000         579.72802
       0.42000         579.72802