       0.00000           0.00000
       0.00239          35.35297
       0.01429         104.86219
       0.02620         151.56036
       0.03810         190.32345
       0.05001         224.53299
       0.06191         255.66099
       0.07381         284.51272
       0.08572         311.58800
       0.09762         337.22335
       0.10953         361.65866
       0.12143         385.07241
       0.13333         407.60182
       0.21667         562.49051
       0.30000         717.37921
       0.36000         717.37921
       0.42000         717.37921