       0.00000           0.00000
       0.00301          49.44530
       0.01486         130.45105
       0.02671         186.31356
       0.03856         232.90841
       0.05040         274.11776
       0.06225         311.66063
       0.07410         346.48547
       0.08594         379.18404
       0.09779         410.15620
       0.10964         439.68774
       0.12149         467.99168
       0.13333         495.23207
       0.21667         683.42026
       0.30000         871.60845
       0.36000         871.60845
       0.42000         871.60845