       0.00000           0.00000
       0.00373          67.17348
       0.01551         159.86275
       0.02729         225.41379
       0.03907         280.37871
       0.05086         329.10661
       0.06264         373.55974
       0.07442         414.83116
       0.08620         453.60688
       0.09799         490.35229
       0.10977         525.40105
       0.12155         559.00238
       0.13333         591.34856
       0.21667         816.06102
       0.30000        1040.77347
       0.36000        1040.77347
       0.42000        1040.77347