       0.00000           0.00000
       0.00453          89.05641
       0.01624         193.49886
       0.02795         269.16807
       0.03966         332.97696
       0.05137         389.69334
       0.06308         441.51259
       0.07479         489.67058
       0.08650         534.94807
       0.09821         577.87713
       0.10991         618.84045
       0.12162         658.12465
       0.13333         695.95128
       0.21667         960.41277
       0.30000        1224.87426
       0.36000        1224.87426
       0.42000        1224.87426