       0.00000           0.00000
       0.00568         123.08222
       0.01728         242.15566
       0.02889         330.92839
       0.04049         406.35250
       0.05210         473.63315
       0.06370         535.23368
       0.07531         592.56114
       0.08691         646.51255
       0.09852         697.70311
       0.11012         746.57737
       0.12173         793.46949
       0.13333         838.63845
       0.21667        1157.32106
       0.30000        1476.00367
       0.36000        1476.00367
       0.42000        1476.00367