0.00000
-0.00008
-0.00074
-0.00022
-0.00042
-0.00032
0.00129
0.01450
0.01754
0.02816
0.02963
0.04264
0.05876
0.07131
0.07874
0.08455
0.10060
0.10013
0.10028
0.10022
0.09944
0.09969
0.08634
0.07476
0.05828
0.03607
0.02416
0.01075
-0.00045
-0.02197
-0.04248
-0.06045
-0.07381
-0.08500
-0.09373
-0.09885
-0.09591
-0.08765
-0.08023
-0.07188
-0.06242
-0.05098
-0.04243
-0.02652
-0.01455
-0.00943
-0.00155
-0.00209
-0.00286
-0.00214
0.00890
0.03520
0.05212
0.06367
0.08125
0.09886
0.07861
0.04375
0.02284
-0.00409
-0.03643
-0.06428
-0.07924
-0.08759
-0.09748
-0.09779
-0.09807
-0.09403
-0.08074
-0.07380
-0.06495
-0.05404
-0.04946
-0.03186
-0.01336
-0.00039
0.01522
0.04882
0.06940
0.08662
0.09244
0.10109
0.10019
0.06535
0.02505
0.00256
-0.02554
-0.06182
-0.06139
-0.05645
-0.04991
-0.04024
-0.02052
-0.01621
-0.01019
0.00117
0.01914
0.03307
0.03967
0.05688
0.06939
0.08735
0.12054
0.19923
0.19773
0.18891
0.17011
0.14780
0.13354
0.11998
0.11199
0.09822
0.09320
0.08608
0.07519
0.06856
0.05845
0.05185
0.04232
0.03234
0.01906
0.00264
-0.01301
-0.03172
-0.04268
-0.06170
-0.07633
-0.08791
-0.09321
-0.10519
-0.11833
-0.13525
-0.15667
-0.17817
-0.18985
-0.18989
-0.16233
-0.13971
-0.12529
-0.10311
-0.08173
-0.06037
-0.04108
-0.02073
-0.01266
-0.00421
0.01223
0.04017
0.05557
0.06868
0.08466
0.09785
0.11209
0.12504
0.13709
0.14937
0.16459
0.17851
0.16811
0.13497
0.08037
0.03427
-0.02224
-0.09162
-0.10416
-0.12686
-0.14483
-0.16984
-0.18429
-0.19403
-0.20159
-0.19821
-0.18127
-0.16222
-0.13647
-0.10934
-0.07977
-0.05270
-0.02670
-0.00289
0.01098
0.03583
0.06172
0.09672
0.11159
0.11729
0.13213
0.13147
0.14027
0.15103
0.16143
0.18440
0.19861
0.19719
0.17950
0.15734
0.13418
0.10636
0.08144
0.06150
0.03778
0.02732
0.00670
-0.01614
-0.04469
-0.07429
-0.09936
-0.14602
-0.18186
-0.20407
-0.20441
-0.16893
-0.13741
-0.10556
-0.07046
-0.05566
-0.04661
-0.03642
-0.02064
0.00218
0.01255
0.02035
0.04068
0.04737
0.05346
0.07080
0.08602
0.09512
0.11469
0.13561
0.15627
0.17581
0.18956
0.20247
0.21656
0.23590
0.24298
0.25316
0.26670
0.27541
0.28360
0.29085
0.30072
0.29968
0.29881
0.28186
0.26747
0.25461
0.23806
0.22557
0.20791
0.19014
0.17877
0.14346
0.13027
0.12140
0.11463
0.10669
0.09337
0.08065
0.07417
0.05616
0.03540
0.02019
0.00659
-0.00206
-0.01440
-0.02850
-0.04534
-0.06643
-0.08726
-0.10250
-0.12210
-0.14522
-0.16461
-0.19559
-0.21832
-0.24298
-0.26964
-0.28601
-0.30029
-0.29887
-0.27483
-0.24378
-0.21628
-0.19049
-0.15677
-0.12811
-0.08798
-0.06994
-0.05318
-0.03525
-0.01775
0.02283
0.05140
0.08425
0.11818
0.15649
0.17414
0.19482
0.22534
0.24457
0.26723
0.28757
0.29614
0.30132
0.28457
0.24104
0.19658
0.14439
0.09566
0.04052
-0.01712
-0.07061
-0.08673
-0.14019
-0.20105
-0.27741
-0.30827
-0.27013
-0.22717
-0.18220
-0.10936
-0.08715
-0.05795
-0.04300
-0.03023
-0.00981
-0.00144
-0.00217
0.02076
0.06147
0.07410
0.09894
0.12468
0.14486
0.15769
0.17092
0.19632
0.23037
0.25499
0.28175
0.29184
0.29947
0.29171
0.24103
0.19646
0.15358
0.12009
0.07088
0.01968
-0.03815
-0.08613
-0.12591
-0.17809
-0.24046
-0.27844
-0.20476
-0.16959
-0.12429
-0.06807
-0.04432
-0.00040
0.00020
0.01076
0.02087
0.03300
0.04707
0.06225
0.08010
0.09712
0.11491
0.13308
0.15200
0.17159
0.19605
0.21994
0.23627
0.24424
0.26603
0.28485
0.31159
0.33843
0.34495
0.35512
0.36811
0.38014
0.39050
0.39346
0.36993
0.33715
0.31112
0.27420
0.24158
0.21020
0.17702
0.14131
0.09640
0.05241
0.01967
-0.02148
-0.04608
-0.10235
-0.14712
-0.19491
-0.23855
-0.29144
-0.34559
-0.39889
-0.38760
-0.36707
-0.33404
-0.29856
-0.28159
-0.25919
-0.22717
-0.16454
-0.10887
-0.06417
-0.05542
-0.03122
-0.02076
-0.00139
-0.00157
0.01122
0.03453
0.06420
0.09089
0.11920
0.14054
0.17855
0.22312
0.25384
0.27404
0.28819
0.31262
0.32722
0.34097
0.35216
0.37627
0.38170
0.39144
0.39907
0.39882
0.37938
0.34195
0.29585
0.27041
0.25017
0.21763
0.17917
0.17627
0.14811
0.11520
0.08067
0.04885
0.00566
-0.01612
-0.03556
-0.07284
-0.09610
-0.12367
-0.15778
-0.19112
-0.22593
-0.26389
-0.30893
-0.35106
-0.37814
-0.40040
-0.40154
-0.39249
-0.35710
-0.32579
-0.27962
-0.23284
-0.19700
-0.16708
-0.14215
-0.10611
-0.07965
-0.06044
-0.04632
-0.02967
-0.01350
0.01116
0.02133
0.03770
0.05732
0.07490
0.10768
0.16039
0.20086
0.25698
0.28491
0.30235
0.32050
0.33847
0.36544
0.39088
0.39762
0.39718
0.36985
0.32834
0.29477
0.27610
0.23910
0.19965
0.17157
0.11452
0.06897
0.06168
0.03361
0.01060
-0.02753
-0.05222
-0.08807
-0.11461
-0.15175
-0.19103
-0.22639
-0.28784
-0.37034
-0.39925
-0.39523
-0.33925
-0.27939
-0.19437
-0.12675
-0.05132
-0.04202
-0.02457
-0.01257
0.00031
0.01202
0.01798
0.02775
0.03845
0.04615
0.05328
0.06741
0.07266
0.09020
0.10491
0.12356
0.14704
0.16425
0.18134
0.20201
0.22669
0.23743
0.24778
0.25552
0.27098
0.28549
0.30607
0.32080
0.33048
0.33998
0.34818
0.35597
0.36885
0.37703
0.38701
0.39485
0.39561
0.40204
0.40859
0.41683
0.42395
0.43312
0.44005
0.45349
0.46104
0.47070
0.48301
0.49941
0.51233
0.52604
0.52840
0.54489
0.55953
0.56642
0.57506
0.58251
0.59216
0.59800
0.59764
0.58823
0.57631
0.56502
0.55048
0.53348
0.52502
0.50624
0.49409
0.47814
0.46374
0.44843
0.42943
0.41503
0.39658
0.38107
0.35940
0.33604
0.30207
0.26662
0.23283
0.19007
0.14816
0.09598
0.05912
0.03053
0.01332
-0.00665
-0.02624
-0.05844
-0.08654
-0.11600
-0.14883
-0.19995
-0.23427
-0.26349
-0.29586
-0.32310
-0.34708
-0.37267
-0.39818
-0.41373
-0.43009
-0.44851
-0.46459
-0.48532
-0.49863
-0.51354
-0.53826
-0.57905
-0.59432
-0.59782
-0.60018
-0.58196
-0.55863
-0.53524
-0.49559
-0.46496
-0.40999
-0.35375
-0.27409
-0.19882
-0.14705
-0.13512
-0.12328
-0.08685
-0.06225
-0.04712
-0.02209
-0.00276
0.00367
0.02251
0.03534
0.04977
0.06562
0.09402
0.11510
0.13853
0.15894
0.20578
0.25294
0.26366
0.27525
0.28961
0.30721
0.32337
0.34868
0.37507
0.39766
0.41998
0.45014
0.47445
0.49424
0.51573
0.53497
0.54086
0.54860
0.54831
0.55568
0.55963
0.56291
0.56458
0.57852
0.58434
0.59082
0.59898
0.59884
0.59440
0.56851
0.54902
0.52429
0.48233
0.42384
0.38088
0.33346
0.29222
0.24026
0.19240
0.15987
0.12915
0.06870
-0.03753
-0.03837
-0.06886
-0.07961
-0.15066
-0.19753
-0.20578
-0.22776
-0.23765
-0.26308
-0.28407
-0.32014
-0.33914
-0.36473
-0.38743
-0.39658
-0.42408
-0.44112
-0.45768
-0.48145
-0.49416
-0.51826
-0.55984
-0.58130
-0.59617
-0.59520
-0.60154
-0.60106
-0.60282
-0.59150
-0.57242
-0.55573
-0.53812
-0.51494
-0.48488
-0.44433
-0.42134
-0.38418
-0.35155
-0.29191
-0.25202
-0.20823
-0.15327
-0.07826
-0.03757
0.01220
0.02861
0.05574
0.08729
0.11128
0.14910
0.17636
0.20273
0.25097
0.30734
0.33010
0.35320
0.39839
0.42903
0.45492
0.47881
0.49388
0.51358
0.52704
0.54835
0.57784
0.59998
0.59947
0.59384
0.58207
0.55516
0.53455
0.49790
0.47516
0.43297
0.39834
0.36490
0.33328
0.29769
0.26115
0.22466
0.18877
0.16255
0.11207
0.03929
-0.03434
-0.10109
-0.16724
-0.24982
-0.29886
-0.35697
-0.41048
-0.49287
-0.51710
-0.53751
-0.57357
-0.59217
-0.59866
-0.59133
-0.55460
-0.51982
-0.47255
-0.43174
-0.37954
-0.31565
-0.22556
-0.16628
-0.10160
0.70006
0.70990
0.72391
0.73411
0.74519
0.75765
0.77666
0.78748
0.79534
0.79957
0.79944
0.78538
0.76939
0.75497
0.73944
0.72056
0.69803
0.67369
0.64741
0.62473
0.59904
0.57085
0.54133
0.50054
0.47226
0.45156
0.41842
0.39350
0.36987
0.33666
0.30760
0.27155
0.22405
0.15960
0.11165
0.06944
0.03845
-0.01317
-0.06355
-0.11185
-0.19254
-0.29707
-0.37914
-0.45634
-0.50229
-0.53783
-0.56834
-0.60745
-0.65054
-0.69992
-0.73598
-0.79640
-0.79686
-0.76539
-0.72369
-0.68787
-0.64716
-0.61988
-0.58541
-0.54079
-0.46540
-0.39357
-0.29219
-0.23707
-0.18767
-0.12787
-0.05532
-0.04288
-0.02840
0.02276
0.06216
0.08480
0.12303
0.16888
0.20967
0.25831
0.29251
0.31194
0.33508
0.35951
0.38674
0.41107
0.42673
0.44341
0.48243
0.50275
0.53544
0.56480
0.60163
0.63005
0.66468
0.70019
0.75829
0.76995
0.78409
0.79661
0.79928
0.79793
0.78208
0.74995
0.72113
0.67409
0.62952
0.55586
0.46395
0.40100
0.31097
0.20322
0.08430
-0.04178
-0.16334
-0.22599
-0.28051
-0.34872
-0.42922
-0.55790
-0.69497
-0.74167
-0.75350
-0.77537
-0.78783
-0.80140
-0.80250
-0.78471
-0.76208
-0.74178
-0.72152
-0.70758
-0.69666
-0.68079
-0.66112
-0.63737
-0.61520
-0.60309
-0.58889
-0.57143
-0.53557
-0.49642
-0.44681
-0.43392
-0.41821
-0.40715
-0.39922
-0.38860
-0.37354
-0.35366
-0.32750
-0.28802
-0.24192
-0.17147
-0.12165
-0.05479
-0.04528
-0.02148
0.00354
0.02941
0.05581
0.09780
0.12334
0.13878
0.16018
0.17497
0.20647
0.22647
0.24729
0.27071
0.28827
0.31741
0.33497
0.35453
0.37192
0.39680
0.42558
0.45033
0.48589
0.51499
0.53990
0.57121
0.60787
0.62610
0.66755
0.70634
0.74185
0.76123
0.77767
0.79208
0.79812
0.79702
0.77890
0.74574
0.71647
0.70227
0.66979
0.64605
0.62483
0.60629
0.58235
0.52821
0.48145
0.43831
0.40967
0.37783
0.34266
0.31723
0.28911
0.26381
0.23974
0.21137
0.18572
0.14683
0.10270
0.03990
-0.03276
-0.09434
-0.15362
-0.24479
-0.27386
-0.31710
-0.36316
-0.42412
-0.50169
-0.57648
-0.62022
-0.65052
-0.69278
-0.71148
-0.73355
-0.75287
-0.78422
-0.79583
-0.80028
-0.79925
-0.78266
-0.75954
-0.73295
-0.70556
-0.67568
-0.65802
-0.64349
-0.62656
-0.60627
-0.58063
-0.55412
-0.53681
-0.51642
-0.49616
-0.47488
-0.44238
-0.39976
-0.36286
-0.32636
-0.28236
-0.24976
-0.20969
-0.17900
-0.12688
-0.08073
-0.04635
-0.02942
-0.00964
0.00690
0.02189
0.03788
0.05597
0.06756
0.08355
0.09998
0.11113
0.12565
0.15624
0.17406
0.19721
0.22184
0.23588
0.25186
0.26914
0.28698
0.30247
0.31874
0.33417
0.35174
0.36723
0.37424
0.38629
0.39714
0.40858
0.41534
0.41806
0.42887
0.45330
0.47530
0.50519
0.53077
0.56918
0.60877
0.62617
0.64352
0.66124
0.69128
0.70808
0.71155
0.71560
0.72667
0.73977
0.74829
0.76724
0.78105
0.79372
0.81099
0.82569
0.83368
0.84450
0.85529
0.86805
0.88405
0.89410
0.89291
0.87741
0.86513
0.84947
0.83214
0.81619
0.79962
0.77553
0.75852
0.74155
0.73152
0.71845
0.69875
0.67620
0.65510
0.63229
0.60666
0.57929
0.53259
0.50421
0.47235
0.43284
0.40725
0.38269
0.33453
0.29828
0.26731
0.23745
0.20134
0.16791
0.14346
0.10089
0.06973
0.03885
0.00150
-0.02322
-0.05026
-0.08034
-0.10885
-0.14712
-0.18736
-0.20618
-0.22620
-0.25614
-0.28864
-0.31794
-0.34424
-0.37264
-0.41669
-0.46477
-0.51623
-0.55880
-0.58854
-0.62228
-0.67095
-0.72933
-0.78871
-0.84097
-0.84816
-0.85514
-0.86616
-0.88663
-0.87235
-0.85034
-0.82699
-0.81889
-0.80836
-0.79521
-0.77865
-0.74193
-0.71220
-0.67380
-0.64544
-0.61851
-0.59095
-0.56668
-0.54294
-0.51760
-0.50189
-0.47448
-0.45701
-0.44544
-0.43154
-0.41117
-0.39853
-0.39353
-0.38497
-0.37265
-0.37014
-0.34653
-0.30979
-0.27577
-0.25528
-0.24676
-0.22425
-0.19510
-0.16518
-0.14257
-0.12803
-0.10529
-0.08633
-0.08124
-0.04845
-0.02804
-0.01450
-0.00164
0.00206
0.02715
0.03585
0.03937
0.05180
0.07728
0.10363
0.12172
0.13908
0.16550
0.18985
0.20849
0.23358
0.25609
0.27043
0.29020
0.30544
0.33466
0.35549
0.39181
0.41707
0.44170
0.45086
0.46678
0.49627
0.53485
0.55701
0.61012
0.64184
0.67537
0.71481
0.76160
0.79256
0.80861
0.81649
0.82959
0.84237
0.85975
0.87317
0.88410
0.89595
0.90496
0.91445
0.92675
0.93581
0.95412
0.97024
0.98814
0.99862
1.00089
0.99401
0.96319
0.94447
0.91044
0.86223
0.80965
0.73104
0.65877
0.58634
0.51279
0.46715
0.40420
0.35051
0.27736
0.21441
0.14539
0.07122
0.00210
-0.05249
-0.12023
-0.17339
-0.23671
-0.28485
-0.34769
-0.43278
-0.48612
-0.52606
-0.56539
-0.59201
-0.62529
-0.65705
-0.69257
-0.72054
-0.75175
-0.79347
-0.84370
-0.88279
-0.89974
-0.92928
-0.94800
-0.96499
-0.98847
-1.00328
-0.98484
-0.95203
-0.91995
-0.89907
-0.88791
-0.87041
-0.85063
-0.83325
-0.81904
-0.79745
-0.75985
-0.72371
-0.69942
-0.66729
-0.62205
-0.58129
-0.55086
-0.50559
-0.48129
-0.44779
-0.38586
-0.31431
-0.22804
-0.17605
-0.10489
-0.04722
-0.02417
-0.00866
-0.00328
0.01923
0.03637
0.05192
0.08154
0.10533
0.13107
0.15545
0.18124
0.22648
0.24956
0.28081
0.31789
0.37005
0.41378
0.42781
0.45029
0.46913
0.49981
0.53394
0.55066
0.57468
0.62499
0.64293
0.66840
0.70369
0.73866
0.77320
0.82218
0.87568
0.91100
0.92865
0.94301
0.95680
0.97419
0.99051
0.99898
0.99948
0.98837
0.96839
0.94952
0.92761
0.90713
0.87408
0.84861
0.80733
0.77270
0.71834
0.67104
0.62377
0.57548
0.51444
0.45728
0.40955
0.36054
0.32138
0.25838
0.20266
0.14567
0.09827
0.06832
0.03457
-0.01662
-0.05936
-0.11591
-0.17796
-0.24251
-0.28978
-0.31264
-0.33856
-0.38079
-0.41003
-0.44075
-0.47437
-0.50795
-0.54363
-0.59317
-0.65757
-0.72273
-0.79204
-0.82622
-0.86640
-0.91149
-0.95511
-0.98816
-0.99526
-0.99890
-0.99514
-0.97601
-0.94335
-0.91593
-0.88891
-0.86993
-0.84311
-0.81580
-0.78937
-0.77827
-0.74705
-0.70222
-0.65925
-0.61506
-0.55403
-0.50963
-0.46831
-0.42986
-0.40076
-0.36873
-0.33237
-0.28904
-0.25765
-0.23315
-0.19634
-0.16907
-0.15746
-0.13525
-0.08144
-0.03161
0.00080
0.02821
0.04703
0.06770
0.09769
0.13043
0.15668
0.17370
0.19406
0.21912
0.23696
0.26252
0.28399
0.30366
0.32871
0.35034
0.38842
0.42598
0.47797
0.50063
0.54656
0.56917
0.59539
0.62731
0.66671
0.70036
0.72025
0.73733
0.75816
0.80283
0.85268
0.91633
0.97791
0.99816
0.99927
0.99933
0.99658
0.97633
0.95296
0.92531
0.88115
0.84509
0.80129
0.73974
0.69282
0.65410
0.61876
0.57441
0.52451
0.48399
0.45659
0.42179
0.37565
0.35665
0.31505
0.28817
0.24579
0.18049
0.12744
0.02491
-0.04114
-0.13521
-0.20969
-0.30379
-0.37004
-0.40554
-0.46250
-0.53340
-0.61639
-0.68464
-0.73813
-0.81621
-0.91707
-1.00838
-1.00078
-0.99570
-0.96335
-0.92568
-0.88594
-0.84811
-0.82686
-0.78018
-0.73380
-0.70069
-0.67539
-0.62176
-0.58057
-0.53046
-0.48395
-0.43023
-0.38321
-0.33130
-0.28681
-0.24280
-0.20778
-0.17117
-0.10649
-0.06641
-0.05683
-0.04160
-0.02349
-0.00275
-0.00280
0.01096
0.04230
0.06757
0.10504
0.16534
0.20540
0.22990
0.27737
0.29955
0.32591
0.35169
0.40446
0.46735
0.51564
0.56730
0.60719
0.64623
0.68319
0.71499
0.74574
0.79256
0.85646
0.87346
0.90385
0.92438
0.94152
0.95703
0.98235
1.00048
1.01990
1.03442
1.04861
1.06432
1.08529
1.10583
1.12703
1.13915
1.15142
1.16225
1.17964
1.20066
1.22400
1.23633
1.24508
1.24732
1.24884
1.24000
1.22573
1.21022
1.19366
1.17304
1.15042
1.11922
1.08914
1.04953
1.00650
0.95841
0.90912
0.87427
0.84908
0.81970
0.77212
0.72182
0.68726
0.64799
0.59841
0.52620
0.45822
0.38070
0.33279
0.27294
0.23872
0.19635
0.16628
0.11520
0.06558
0.00489
-0.04230
-0.09208
-0.18095
-0.31379
-0.40616
-0.44870
-0.49876
-0.55200
-0.61266
-0.68827
-0.76752
-0.83512
-0.93787
-1.05527
-1.10397
-1.11297
-1.12880
-1.15216
-1.17253
-1.18882
-1.20251
-1.22444
-1.23583
-1.24769
-1.24932
-1.23518
-1.22117
-1.19111
-1.16033
-1.13681
-1.08725
-1.03803
-0.98071
-0.91940
-0.86352
-0.82289
-0.73821
-0.68112
-0.67183
-0.65640
-0.64017
-0.60153
-0.56267
-0.52681
-0.48106
-0.43661
-0.37569
-0.30166
-0.24240
-0.19989
-0.11496
0.00066
0.05141
0.10078
0.11566
0.11546
0.12934
0.17488
0.22481
0.27386
0.33831
0.43552
0.47210
0.50868
0.53148
0.56692
0.59726
0.65178
0.70772
0.75431
0.82163
0.89664
0.95691
1.02468
1.04025
1.05625
1.06998
1.10451
1.13853
1.15730
1.17233
1.19508
1.21698
1.22676
1.23220
1.23945
1.24799
1.24250
1.22492
1.19923
1.17879
1.15634
1.12731
1.09544
1.06993
1.02954
0.98546
0.92322
0.87730
0.83036
0.79032
0.73453
0.69306
0.63485
0.59341
0.55158
0.50782
0.43448
0.35223
0.32561
0.24846
0.18999
0.14276
0.08150
0.01759
-0.04073
-0.08915
-0.12109
-0.16554
-0.23329
-0.28977
-0.32784
-0.38777
-0.44829
-0.50449
-0.58022
-0.67484
-0.75269
-0.79870
-0.83972
-0.89128
-0.92169
-0.97477
-1.00133
-1.02561
-1.06700
-1.09655
-1.12048
-1.15542
-1.18991
-1.20392
-1.22468
-1.23525
-1.24732
-1.24782
-1.23191
-1.19731
-1.17012
-1.12915
-1.08909
-1.04754
-0.99941
-0.95578
-0.89720
-0.83973
-0.79147
-0.76207
-0.71102
-0.65270
-0.61553
-0.57637
-0.53710
-0.48420
-0.43481
-0.37571
-0.34586
-0.29022
-0.21320
-0.14284
-0.09461
-0.06255
-0.05275
-0.04066
-0.02091
-0.01037
-0.00001
-0.00108
0.01761
0.05524
0.09189
0.13541
0.19172
0.24499
0.29561
0.34014
0.39042
0.43247
0.46141
0.51445
0.54957
0.59041
0.62847
0.66773
0.70164
0.75390
0.80479
0.84434
0.88638
0.93945
0.97164
1.00693
1.02707
1.05167
1.07636
1.11711
1.14220
1.16958
1.21234
1.22529
1.23718
1.24484
1.25037
1.24344
1.22357
1.19584
1.16437
1.12397
1.08044
1.03992
0.99514
0.93632
0.90029
0.86036
0.79016
0.76294
0.72488
0.68900
0.62952
0.55184
0.48867
0.41905
0.34568
0.30735
0.25661
0.19365
0.10901
-0.03867
-0.13471
-0.18354
-0.25600
-0.33868
-0.42046
-0.49646
-0.55030
-0.63171
-0.69507
-0.79917
-0.91034
-1.00055
-1.05791
-1.11037
-1.17633
-1.22438
-1.25282
-1.25021
-1.23674
-1.21293
-1.16158
-1.10036
-1.05372
-1.01095
-0.96834
-0.92783
-0.87078
-0.82278
-0.77119
-0.72742
-0.67207
-0.61534
-0.56963
-0.50587
-0.44765
-0.38321
-0.30937
-0.26512
-0.22425
-0.16655
-0.12085
-0.09594
-0.06571
-0.04164
-0.01511
-0.00255
0.02624
0.06180
0.09869
0.16093
0.22483
0.26079
0.29921
0.33379
0.37321
0.39807
0.44640
0.48094
0.52545
0.56234
0.59767
0.62810
0.67660
0.73079
0.79103
0.83820
0.88103
0.92189
0.96000
1.01037
1.04881
1.07854
1.11644
1.14147
1.16831
1.19541
1.20790
1.22404
1.24681
1.26827
1.29325
1.31268
1.33014
1.34440
1.35553
1.37193
1.38552
1.39909
1.39872
1.38081
1.36154
1.33869
1.30768
1.28022
1.23525
1.19428
1.15923
1.10479
1.06130
1.00999
0.95529
0.89383
0.87448
0.83861
0.77653
0.71371
0.66871
0.62436
0.55240
0.47854
0.44152
0.40493
0.33899
0.24063
0.17238
0.09821
0.02739
-0.06322
-0.12498
-0.16269
-0.20612
-0.26158
-0.31804
-0.36213
-0.39524
-0.44325
-0.49191
-0.54660
-0.61205
-0.66521
-0.72855
-0.77892
-0.83354
-0.89256
-0.96154
-1.06292
-1.12240
-1.15033
-1.18275
-1.21135
-1.25724
-1.30969
-1.35366
-1.37271
-1.41743
-1.45492
-1.48771
-1.49707
-1.49864
-1.49703
-1.47235
-1.44023
-1.39501
-1.35153
-1.31815
-1.26531
-1.20327
-1.15626
-1.10065
-1.05271
-1.00360
-0.94533
-0.86764
-0.79543
-0.73658
-0.69112
-0.61528
-0.55933
-0.49651
-0.45432
-0.35387
-0.21674
-0.09620
-0.05903
-0.04403
-0.03064
0.96806
1.02487
1.08246
1.10441
1.15276
1.19155
1.22478
1.27496
1.31095
1.35531
1.37893
1.39056
1.40410
1.42213
1.42966
1.44058
1.45015
1.46648
1.48237
1.50008
1.49908
1.48023
1.45867
1.44857
1.42958
1.40239
1.38930
1.36758
1.34606
1.32126
1.28562
1.25684
1.21392
1.16566
1.13201
1.08533
1.03742
0.98790
0.94369
0.88263
0.82449
0.76104
0.68363
0.61401
0.55321
0.51449
0.43577
0.39255
0.34953
0.28730
0.20337
0.15433
0.09243
-0.02047
-0.10110
-0.19253
-0.29613
-0.42034
-0.50024
-0.54848
-0.61490
-0.69060
-0.78560
-0.87547
-0.95763
-1.01527
-1.09815
-1.20567
-1.30878
-1.44458
-1.50603
-1.49844
-1.49398
-1.39698
-1.32044
-1.24795
-1.16458
-1.09558
-1.00446
-0.95659
-0.89579
-0.81193
-0.74601
-0.68594
-0.60464
-0.50519
-0.40128
-0.26714
-0.12836
-0.04878
-0.03647
-0.02537
0.01166
0.05514
0.12025
0.18696
0.28810
0.39342
0.46934
0.55851
0.67233
0.73571
0.81329
0.88005
0.94451
0.99113
1.03766
1.08023
1.10389
1.13354
1.16876
1.20049
1.22385
1.23662
1.26443
1.29060
1.31027
1.33013
1.34429
1.36279
1.37432
1.38242
1.39882
1.41339
1.42351
1.43828
1.45327
1.47026
1.47907
1.48926
1.49838
1.49912
1.48274
1.45208
1.40710
1.36355
1.30930
1.24756
1.19451
1.13181
1.07284
1.00999
0.96247
0.91953
0.87033
0.81634
0.74381
0.68667
0.61759
0.53949
0.49374
0.43480
0.38055
0.30082
0.22761
0.13863
0.07571
0.00707
-0.09380
-0.21404
-0.35234
-0.51244
-0.63939
-0.75427
-0.85650
-0.95889
-1.06520
-1.16231
-1.22528
-1.28285
-1.37480
-1.45939
-1.50445
-1.49765
-1.46043
-1.34648
-1.24962
-1.16621
-1.10151
-1.01356
-0.91003
-0.79837
-0.69378
-0.59117
-0.45621
-0.33344
-0.27288
-0.22458
-0.13852
-0.04786
-0.01895
0.04550
0.08240
0.13034
0.16828
0.20592
0.24596
0.26234
0.30343
0.33503
0.35142
0.35665
0.38958
0.40089
0.46286
0.53076
0.59814
0.66371
0.72627
0.78874
0.85282
0.91447
0.96522
1.00769
1.06817
1.14754
1.21246
1.27100
1.31254
1.37160
1.40830
1.44136
1.45460
1.47110
1.48968
1.50917
1.52188
1.53786
1.54829
1.56476
1.58230
1.61063
1.63002
1.65382
1.66931
1.69269
1.71308
1.73756
1.74656
1.75037
1.74503
1.71804
1.67132
1.63029
1.59456
1.54863
1.50204
1.45107
1.37756
1.32470
1.24002
1.13062
1.06985
0.99859
0.93853
0.89878
0.87468
0.82928
0.78857
0.70720
0.61539
0.49020
0.33342
0.17603
0.05396
0.00157
-0.06326
-0.13961
-0.20128
-0.30409
-0.35752
-0.42099
-0.48267
-0.53183
-0.58390
-0.66014
-0.73740
-0.80626
-0.91527
-0.96895
-1.01058
-1.09053
-1.16629
-1.20412
-1.25905
-1.31516
-1.41434
-1.51485
-1.61952
-1.66854
-1.69979
-1.72595
-1.73557
-1.74580
-1.74799
-1.74854
-1.72878
-1.70403
-1.67831
-1.64409
-1.61482
-1.56806
-1.50628
-1.44258
-1.36264
-1.29627
-1.25256
-1.21197
-1.18175
-1.15247
-1.13252
-1.09244
-1.03724
-0.96270
-0.89645
-0.81160
-0.72646
-0.64101
-0.54957
-0.44792
-0.33373
-0.23030
-0.13241
-0.06715
-0.05177
-0.03008
-0.00674
-0.00029
-0.00247
-0.00215
0.03591
0.08513
0.12693
0.17498
0.22848
0.31823
0.39552
0.48430
0.53427
0.60086
0.64612
0.71641
0.80318
0.87963
0.94571
1.00658
1.05135
1.07588
1.12930
1.20433
1.24976
1.30311
1.31628
1.33821
1.36687
1.41976
1.45164
1.47706
1.51789
1.55745
1.58128
1.59927
1.63685
1.65375
1.68405
1.68681
1.70684
1.72506
1.74173
1.75538
1.75563
1.77110
1.78232
1.79273
1.81981
1.85015
1.86135
1.87193
1.88947
1.90310
1.91785
1.93463
1.94936
1.97001
1.98051
1.98334
1.96376
1.94834
1.93108
1.91280
1.89071
1.87531
1.85740
1.83777
1.81498
1.79540
1.76812
1.75169
1.70833
1.66644
1.60733
1.56888
1.52145
1.47494
1.41636
1.33798
1.27309
1.17121
1.08569
0.99393
0.89804
0.78492
0.70889
0.65566
0.57700
0.47500
0.37052
0.28807
0.22781
0.14653
0.09437
0.01797
-0.04475
-0.09189
-0.16890
-0.26249
-0.35868
-0.40810
-0.47212
-0.51711
-0.56424
-0.62969
-0.67391
-0.73807
-0.73800
-0.74751
-0.75933
-0.78465
-0.80684
-0.83502
-0.88241
-0.93763
-0.99760
-1.05724
-1.10177
-1.14275
-1.17211
-1.22945
-1.30233
-1.32107
-1.36486
-1.42107
-1.45847
-1.51155
-1.55977
-1.60385
-1.67121
-1.76781
-1.81879
-1.87664
-1.91448
-1.98089
-2.01294
-2.00233
-1.99925
-1.97763
-1.95283
-1.92360
-1.89087
-1.86099
-1.82106
-1.78262
-1.75980
-1.71665
-1.67197
-1.61206
-1.55789
-1.50433
-1.46109
-1.40819
-1.34448
-1.29377
-1.23885
-1.16083
-1.10552
-1.07348
-1.03642
-1.01723
-0.96000
-0.92368
-0.86339
-0.80438
-0.71266
-0.64001
-0.58736
-0.54150
-0.46158
-0.36142
-0.31433
-0.29645
-0.25878
-0.21867
-0.16940
-0.11002
-0.03767
-0.01716
-0.01004
-0.00198
-0.00145
0.01577
0.03305
0.03865
0.05562
0.07097
0.07458
0.08341
0.08477
0.09369
0.10006
0.10245
0.10809
0.11048
0.11101
0.11257
0.11591
0.13254
0.15646
0.17026
0.18008
0.19136
0.20227
0.20690
0.21695
0.22383
0.22310
0.23679
0.24441
0.25495
0.26172
0.27968
0.30693
0.33995
0.34343
0.35001
0.35781
0.36046
0.36257
0.39969
0.41561
0.46425
0.50325
0.53139
0.56165
0.60146
0.63731
0.67992
0.73196
0.76472
0.81309
0.86883
0.90355
0.95205
0.98759
1.04352
1.11335
1.19684
1.27766
1.35109
1.39859
1.46078
1.52877
1.59547
1.61847
1.64215
1.67911
1.71000
1.75306
1.80190
1.85181
1.88906
1.94902
1.97437
2.00819
1.98542
1.93367
1.87679
1.83027
1.76978
1.71616
1.63967
1.57216
1.51336
1.48122
1.44129
1.37138
1.29137
1.23603
1.16927
1.11823
1.04972
0.98852
0.92948
0.85727
0.73548
0.66454
0.59314
0.51672
0.38820
0.32888
0.21797
0.08687
-0.06890
-0.17259
-0.24753
-0.34662
-0.45747
-0.53090
-0.58220
-0.66507
-0.74707
-0.84761
-0.98428
-1.07015
-1.10554
-1.15800
-1.20282
-1.26346
-1.31398
-1.35925
-1.41494
-1.50329
-1.57696
-1.64758
-1.75573
-1.87995
-1.93921
-1.95918
-1.99630
-2.02674
-2.01958
-2.00926
-2.00249
-1.99651
-1.98508
-1.93664
-1.89046
-1.83411
-1.79938
-1.74665
-1.71632
-1.66639
-1.61898
-1.55278
-1.48008
-1.42013
-1.36052
-1.32838
-1.28630
-1.22457
-1.17525
-1.08822
-1.03349
-0.99972
-0.98423
-0.95422
-0.88709
-0.83740
-0.76304
-0.69743
-0.62519
-0.54984
-0.45681
-0.39142
-0.31811
-0.28802
-0.25345
-0.21583
-0.15927
-0.08275
-0.04421
-0.00299
0.00963
0.04805
0.07854
0.11558
0.14033
0.17711
0.20167
0.23924
0.29342
0.36006
0.37959
0.42922
0.48169
0.54288
0.61406
0.66742
0.71665
0.76087
0.82520
0.90169
0.97260
1.03961
1.08218
1.10640
1.15390
1.19495
1.24762
1.27851
1.30484
1.32380
1.36333
1.41586
1.43458
1.47793
1.52527
1.55701
1.59109
1.63609
1.66472
1.71745
1.72916
1.73680
1.74322
1.75754
1.76905
1.79190
1.82597
1.86654
1.91151
1.93224
1.94761
1.96484
1.99048
1.99929
1.98030
1.93035
1.86780
1.79596
1.70937
1.64403
1.59135
1.53253
1.48145
1.39967
1.30458
1.23142
1.15582
1.04782
0.96326
0.85757
0.77265
0.68207
0.62899
0.54661
0.44881
0.36518
0.27447
0.19091
0.10802
0.07503
0.00907
-0.08921
-0.18563
-0.29292
-0.34413
-0.42743
-0.50839
-0.62231
-0.69603
-0.78747
-0.89242
-0.93844
-0.98157
-1.02800
-1.09044
-1.16709
-1.25231
-1.33806
-1.42581
-1.50990
-1.58685
-1.61433
-1.67458
-1.72715
-1.77952
-1.85973
-1.91980
-1.93685
-1.95359
-1.97253
-1.98716
-1.99684
-1.99872
-1.96857
-1.92995
-1.84328
-1.76099
-1.66708
-1.56451
-1.47192
-1.41337
-1.32049
-1.20326
-1.09337
-1.01460
-0.97795
-0.87944
-0.78269
-0.68988
-0.59762
-0.48457
-0.38117
-0.25516
-0.13161
-0.06592
-0.03622
-0.01132
0.00044
0.01081
0.03333
0.05422
0.07371
0.09012
0.11382
0.14238
0.17350
0.21484
0.25923
0.29477
0.33808
0.39354
0.43462
0.46693
0.51648
0.55529
0.59887
0.64922
0.72327
0.75270
0.78582
0.86105
0.91941
0.95807
0.99044
1.04516
1.10557
1.14720
1.18943
1.21787
1.24898
1.28868
1.31059
1.35467
1.39241
1.41507
1.44627
1.46718
1.49379
1.52888
1.57531
1.58538
1.60161
1.61544
1.63543
1.66083
1.67969
1.70837
1.73252
1.76970
1.79903
1.82810
1.86885
1.90484
1.93788
1.95596
1.99056
2.01205
2.04411
2.06006
2.08197
2.10236
2.11454
2.13302
2.16552
2.17154
2.19479
2.20922
2.22930
2.24378
2.25865
2.27983
2.30011
2.32739
2.34482
2.36009
2.38858
2.41406
2.43082
2.43688
2.45329
2.46766
2.49622
2.49871
2.49747
2.49783
2.49730
2.48509
2.46780
2.44773
2.41343
2.37519
2.32797
2.28013
2.21774
2.14121
2.06542
2.00023
1.96272
1.92260
1.82939
1.75201
1.68033
1.60236
1.53120
1.47425
1.41089
1.32379
1.24490
1.15757
1.05172
0.93301
0.78743
0.68851
0.50069
0.36321
0.23193
0.08922
0.01984
-0.06552
-0.14355
-0.21458
-0.31153
-0.40374
-0.49175
-0.55583
-0.63699
-0.71506
-0.79338
-0.91843
-1.03939
-1.09159
-1.17828
-1.30316
-1.42783
-1.55347
-1.71183
-1.83099
-1.94581
-2.05435
-2.12828
-2.19622
-2.24833
-2.30503
-2.34098
-2.40065
-2.43086
-2.44522
-2.48896
-2.49929
-2.49924
-1.84786
-1.84553
-1.83458
-1.81180
-1.81100
-1.77587
-1.74765
-1.70130
-1.67077
-1.62116
-1.56189
-1.43010
-1.25093
-1.19574
-1.09535
-0.95806
-0.82936
-0.63834
-0.46105
-0.31961
-0.31550
-0.27664
-0.20132
0.00240
0.00110
0.00905
0.02392
0.03141
0.04467
0.04634
0.05316
0.05894
0.06894
0.08396
0.09051
0.10788
0.12240
0.14134
0.15294
0.16069
0.17545
0.18966
0.20499
0.21723
0.23395
0.24830
0.26288
0.27999
0.29925
0.31145
0.32379
0.33663
0.35495
0.36525
0.38148
0.39635
0.41069
0.43071
0.44407
0.45853
0.47830
0.49654
0.51490
0.54271
0.56527
0.58344
0.60360
0.61856
0.63145
0.64520
0.66642
0.68620
0.71435
0.73478
0.76176
0.79820
0.82628
0.86379
0.88752
0.91189
0.93684
0.97446
0.99982
1.02081
1.05682
1.08562
1.12110
1.15223
1.18465
1.20483
1.23174
1.25567
1.27611
1.29325
1.31126
1.32848
1.36373
1.39116
1.42026
1.44723
1.48320
1.52404
1.57162
1.62908
1.67005
1.71281
1.76523
1.79178
1.82179
1.83942
1.85160
1.85786
1.86595
1.88899
1.92728
1.94458
1.97645
1.99903
2.01852
2.06753
2.10021
2.13682
2.19068
2.22445
2.27441
2.30978
2.34076
2.36525
2.39789
2.42516
2.44169
2.45929
2.47581
2.48751
2.49564
2.49809
2.48322
2.45571
2.43751
2.40196
2.38492
2.34556
2.32226
2.28590
2.23579
2.19382
2.10865
2.06533
2.02019
1.98364
1.94921
1.89839
1.84140
1.78111
1.71015
1.62048
1.52237
1.41401
1.26269
1.20874
1.10360
1.00452
0.89787
0.79045
0.68034
0.55228
0.51181
0.44054
0.35329
0.27126
0.21134
0.15338
0.07581
-0.03368
-0.12586
-0.17319
-0.19098
-0.21666
-0.25538
-0.29716
-0.35471
-0.40777
-0.47638
-0.56440
-0.65290
-0.73124
-0.80428
-0.88450
-0.96409
-1.04598
-1.10424
-1.16793
-1.21467
-1.29082
-1.33480
-1.43990
-1.51370
-1.58626
-1.67451
-2.49605
-2.49786
-2.45674
-2.39893
-2.31571
-2.25703
-2.17409
-2.11784
-2.07385
-2.03522
-2.00791
-1.93768
-1.89081
-1.86312
-1.81756
-1.76905
-1.73386
-1.62958
-1.53939
-1.45658
-1.34699
-1.26053
-1.19583
-1.08647
-0.96970
-0.87943
-0.78503
-0.72509
-0.68059
-0.61114
-0.52747
-0.47889
-0.41599
-0.29867
-0.17405
-0.14234
-0.11938
-0.08018
-0.05915
-0.04425
-0.02524
-0.01399
-0.00587
-0.00098
-0.00034
0.00032
0.01435
0.06248
0.13273
0.22586
0.32683
0.42768
0.53332
0.61494
0.68448
0.74908
0.82572
0.86988
0.91848
0.98763
1.04581
1.06884
1.12719
1.20244
1.27190
1.28155
1.30579
1.34342
1.40126
1.44735
1.49094
1.54354
1.63354
1.76720
1.83469
1.88344
1.92988
1.95977
2.00714
2.04617
2.12370
2.18881
2.24979
2.35819
2.38971
2.42216
2.44979
2.47538
2.48757
2.49709
2.49044
2.39610
2.28300
2.15499
2.02607
1.96581
1.84994
1.74700
1.63875
1.55883
1.43465
1.31415
1.16593
1.05797
0.97965
0.88215
0.80178
0.71318
0.57268
0.42608
0.33661
0.21553
0.10323
-0.01464
-0.14075
-0.21807
-0.28097
-0.34033
-0.43369
-0.49989
-0.57600
-0.65564
-0.72527
-0.82393
-0.93364
-1.02440
-1.14240
-1.23612
-1.36628
-1.49792
-1.59962
-1.68059
-1.75446
-1.80473
-1.82773
-1.88495
-1.99604
-2.12166
-2.20229
-2.30630
-2.34952
-2.37335
-2.38405
-2.43766
-2.49533
-2.50359
-2.50257
-2.49661
-2.49579
-2.45906
-2.41495
-2.32550
-2.19832
-2.05519
-1.90517
-1.76478
-1.69977
-1.59076
-1.48470
-1.38843
-1.27058
-1.16274
-1.04263
-0.95002
-0.82497
-0.73460
-0.61822
-0.50555
-0.45406
-0.39663
-0.32015
-0.21756
-0.11841
-0.04640
-0.01901
-0.00056
0.00997
0.08087
0.13465
0.21562
0.31719
0.36021
0.43776
0.52346
0.65251
0.76081
0.81597
0.89067
0.94199
1.01425
1.11944
1.23932
1.36930
1.42349
1.55245
1.62435
1.71417
1.79638
1.87192
1.97041
2.06155
2.16144
2.23972
2.32142
2.40879
2.47287
2.51093
2.53149
2.55165
2.59159
2.63173
2.67186
2.70163
2.71969
2.75810
2.77917
2.81865
2.85527
2.87483
2.89782
2.94047
2.95591
2.96832
2.98375
2.99830
2.99729
2.96723
2.93838
2.92438
2.84961
2.79568
2.73496
2.67178
2.61319
2.52579
2.43626
2.28462
2.17707
2.14599
2.08844
2.02042
1.91127
1.79876
1.75663
1.69781
1.61066
1.48316
1.33412
1.20451
1.10160
0.99376
0.89804
0.78569
0.71357
0.65921
0.55330
0.39169
0.27361
0.19949
0.11932
-0.00778
-0.10237
-0.21364
-0.33509
-0.45981
-0.59794
-0.74296
-0.89332
-0.99262
-1.12737
-1.21280
-1.35590
-1.47627
-1.56864
-1.60447
-1.64019
-1.66375
-1.71553
-1.77498
-1.82844
-1.87543
-1.92218
-1.99025
-2.06912
-2.14952
-2.24428
-2.27791
-2.32944
-2.37088
-2.43951
-2.51077
-2.53604
-2.58529
-2.61413
-2.66768
-2.73857
-2.79740
-2.83555
-2.86197
-2.88748
-2.92047
-2.95723
-2.98785
-2.99495
-3.00034
-2.99897
-2.91193
-2.78839
-2.68098
-2.60160
-2.48964
-2.37711
-2.27022
-2.10347
-1.97332
-1.86948
-1.73333
-1.64524
-1.54909
-1.41918
-1.38957
-1.28410
-1.22732
-1.12140
-1.02409
-0.89082
-0.74623
-0.57229
-0.47530
-0.41346
-0.30216
-0.19272
-0.06619
-0.03402
0.03783
0.05882
0.08507
0.18566
0.28332
0.41361
0.48670
0.62409
0.78410
0.91549
1.04435
1.15375
1.23229
1.35827
1.43428
1.49065
1.55606
1.63411
1.67428
1.70223
1.78047
1.86285
1.93423
1.97438
2.07568
2.11785
2.15637
2.16643
2.22898
2.29774
2.37291
2.43568
2.48625
2.64039
2.69704
2.73516
2.77512
2.84818
2.89473
2.90840
2.93201
2.96656
2.98346
2.99425
2.99653
2.96379
2.89986
2.78302
2.71501
2.67833
2.67522
2.65052
2.61455
2.53504
2.40283
2.29880
2.19640
2.13401
2.09563
2.01282
1.93276
1.82792
1.71236
1.62224
1.48968
1.37901
1.24780
1.07893
0.92928
0.77659
0.59407
0.52985
0.46139
0.31804
0.25078
0.15770
0.03381
-0.09042
-0.21179
-0.34493
-0.47214
-0.57577
-0.68520
-0.86336
-1.03689
-1.11721
-1.15296
-1.21297
-1.26435
-1.33135
-1.49260
-1.67689
-1.83689
-2.01149
-2.15059
-2.23072
-2.24463
-2.35456
-2.45722
-2.54585
-2.66712
-2.78224
-2.88095
-2.99871
-2.99862
-2.99474
-2.88258
-2.74242
-2.55827
-2.47247
-2.25264
-2.04823
-1.94336
-1.88041
-1.77420
-1.67353
-1.54632
-1.46333
-1.43057
-1.35184
-1.15943
-1.07100
-0.92486
-0.83643
-0.68294
-0.57353
-0.45909
-0.34048
-0.12695
-0.00470
-0.00351
0.05060
0.14190
0.22387
0.35526
0.46121
0.58756
0.71404
0.85929
0.98844
1.09090
1.23883
1.39244
1.59630
1.68728
1.81675
1.89612
2.04307
2.14541
2.17533
2.24806
2.32118
2.40303
2.52659
2.61559
2.76057
2.84131
2.87451
2.90679
2.93962
2.95204
2.96621
2.97728
2.99412
2.99715
2.98601
2.82799
2.73077
2.63287
2.50119
2.39404
2.25505
2.13626
2.02844
1.90575
1.75476
1.58368
1.42502
1.28841
1.15322
1.01532
0.88620
0.82403
0.70024
0.62565
0.55075
0.43436
0.31422
0.19415
0.03332
-0.10365
-0.28317
-0.45786
-0.69447
-0.82921
-0.98626
-1.16661
-1.34477
-1.45620
-1.63816
-1.75432
-1.82368
-1.89838
-1.94875
-2.00365
-2.09916
-2.13279
-2.18248
-2.24803
-2.30376
-2.35194
-2.42115
-2.48511
-2.56157
-2.61400
-2.73023
-2.84253
-2.92277
-2.99755
-2.99510
-2.99417
-2.96785
-2.86069
-2.73152
-2.53930
-2.31778
-2.10138
-2.00064
-1.87574
-1.76428
-1.64368
-1.52075
-1.39870
-1.28735
-1.21322
-1.11162
-0.99149
-0.86001
-0.76150
-0.60650
-0.45294
-0.35463
-0.27736
-0.08443
-0.00412
-0.00471
0.05193
0.22739
0.41189
0.64971
0.85873
1.04054
1.31034
1.53154
1.67598
1.81524
1.96479
2.21838
2.49088
2.68210
2.72583
2.91572
2.99338
3.06077
3.06960
3.08628
3.11365
3.13394
3.14540
3.15755
3.17734
3.19758
3.22249
3.23787
3.25307
3.27182
3.28395
3.30135
3.34010
3.35199
3.36945
3.39115
3.43257
3.45020
3.46478
3.47880
3.50417
3.50839
3.49509
3.41800
3.24542
3.10634
2.99390
2.87873
2.71512
2.56831
2.43133
2.36905
2.25592
2.12313
2.01609
1.89378
1.75586
1.64307
1.52016
1.43233
1.30117
1.17375
1.09481
0.90569
0.76085
0.58622
0.39607
0.26212
0.11923
-0.09649
-0.26313
-0.45299
-0.67324
-0.95318
-1.18603
-1.40778
-1.54379
-1.62714
-1.77028
-1.86981
-1.95176
-2.06236
-2.13198
-2.21942
-2.35293
-2.42701
-2.52367
-2.66527
-2.79074
-2.85929
-2.95638
-3.08195
-3.09092
-3.12811
-3.20294
-3.22208
-3.24837
-3.30046
-3.32755
-3.35311
-3.37712
-3.39386
-3.41328
-3.43713
-3.45830
-3.47793
-3.49617
-3.49829
-3.49722
-3.42552
-3.33272
-3.18099
-2.97140
-2.81533
-2.64805
-2.45518
-2.32207
-2.15033
-1.96324
-1.84894
-1.72845
-1.60897
-1.52181
-1.41759
-1.27111
-1.16671
-1.00130
-0.87593
-0.73959
-0.54312
-0.37393
-0.21239
-0.14214
0.05317
0.11113
0.18095
0.29626
0.39692
0.52815
0.64568
0.86036
0.95925
1.02750
1.17169
1.35246
1.49753
1.58419
1.66829
1.77526
1.90602
2.01015
2.08479
2.13862
2.19071
2.25429
2.32391
2.42811
2.53325
2.59663
2.64530
2.71588
2.77254
2.87583
2.97810
3.06638
3.14337
3.20788
3.26976
3.31929
3.38027
3.44632
3.45915
3.47047
3.48425
3.49447
3.49758
3.46568
3.41570
3.36108
3.35597
3.31265
3.24575
3.20818
3.14121
3.01444
2.90209
2.80765
2.62109
2.42162
2.21883
2.07827
1.93883
1.79237
1.59685
1.45585
1.28585
1.10912
0.97065
0.83028
0.70943
0.54744
0.43332
0.26894
0.08806
-0.09882
-0.23490
-0.43457
-0.56677
-0.68025
-0.81532
-0.95767
-1.10265
-1.23442
-1.41489
-1.56592
-1.67558
-1.79660
-1.89984
-2.01273
-2.12929
-2.21096
-2.33294
-2.43874
-2.52470
-2.59941
-2.70622
-2.83671
-2.90819
-3.03521
-3.13942
-3.21921
-3.31739
-3.43222
-3.51838
-3.51610
-3.51540
-3.45249
-3.37813
-3.37957
-3.37926
-3.37858
-3.37796
-3.34618
-3.24104
-3.13118
-2.97491
-2.81964
-2.60072
-2.48575
-2.34908
-2.14593
-1.93667
-1.74835
-1.63548
-1.59685
-1.57284
-1.51629
-1.47823
-1.43860
-1.43032
-1.40153
-1.31608
-1.16758
-0.99668
-0.84869
-0.73040
-0.65379
-0.62159
-0.49344
-0.32765
-0.16890
-0.06678
-0.04002
-0.02220
-0.00779
0.04473
0.07967
0.16688
0.24669
0.29798
0.36500
0.41121
0.44458
0.46797
0.49948
0.55917
0.65531
0.76593
0.85503
0.96239
1.06604
1.14697
1.19765
1.25164
1.31884
1.40660
1.53983
1.66847
1.77572
1.83639
1.89052
1.98164
2.06321
2.13677
2.20852
2.27160
2.35288
2.41322
2.45226
2.52390
2.60181
2.71894
2.86058
2.87615
2.94610
3.05387
3.14105
3.23841
3.30254
3.32802
3.35755
3.39878
3.44184
3.48310
3.49636
3.49810
3.45138
3.36593
3.24032
3.14036
2.99534
2.85024
2.69069
2.54213
2.40497
2.23184
2.04052
1.96127
1.88970
1.74687
1.59003
1.36856
1.16673
0.96666
0.81468
0.60890
0.42733
0.26299
0.10595
0.00164
-0.12915
-0.27100
-0.42412
-0.57235
-0.69880
-0.84364
-0.95982
-1.01662
-1.20488
-1.36616
-1.48014
-1.65761
-1.85760
-1.96705
-2.09229
-2.25082
-2.33612
-2.43173
-2.53327
-2.64676
-2.75437
-2.80436
-2.84722
-2.92211
-3.03235
-3.11777
-3.21274
-3.29184
-3.33598
-3.39142
-3.45840
-3.48971
-3.52040
-3.51979
-3.44469
-3.36031
-3.22512
-3.04680
-2.79494
-2.57084
-2.34771
-2.03589
-1.71107
-1.38226
-1.26085
-1.15117
-0.87851
-0.64618
-0.48562
-0.37351
-0.00439
-0.00431
-0.00417
-0.00567
0.02209
0.18508
0.44682
0.73973
0.96912
1.17584
1.29433
1.41397
1.48170
1.62615
1.74227
1.91370
2.02366
2.16264
2.23201
2.34064
2.47573
2.57384
2.67391
2.82499
2.98137
3.16035
3.27777
3.31083
3.36315
3.43518
3.46547
3.50410
3.52821
3.55235
3.57189
3.62348
3.68552
3.74432
3.84338
3.90895
3.95782
3.97433
3.98129
3.99234
3.99843
3.97113
3.86079
3.73036
3.58678
3.47514
3.36807
3.18730
2.93813
2.72461
2.49601
2.36371
2.21744
2.08637
1.89464
1.74078
1.58238
1.41357
1.26184
1.06738
0.94970
0.78889
0.61518
0.45299
0.29875
0.12788
-0.09790
-0.28158
-0.46265
-0.67519
-0.85837
-1.00733
-1.24189
-1.32892
-1.43525
-1.66005
-1.81229
-1.92990
-1.97377
-2.01506
-2.10410
-2.18471
-2.30919
-2.41407
-2.47522
-2.52326
-2.58398
-2.67892
-2.75521
-2.84011
-2.93109
-2.99399
-3.07721
-3.11329
-3.17651
-3.19324
-3.25797
-3.29847
-3.33504
-3.38968
-3.42512
-3.47592
-3.49319
-3.51316
-3.54739
-3.58396
-3.61596
-3.63835
-3.66716
-3.69845
-3.73638
-3.79272
-3.83262
-3.88947
-3.91352
-3.94204
-3.96102
-3.99286
-4.00048
-3.96055
-3.86567
-3.75534
-3.59654
-3.47460
-3.33371
-3.17955
-3.01370
-2.84544
-2.70989
-2.60232
-2.55218
-2.46374
-2.19646
-2.04303
-1.83866
-1.66412
-1.50986
-1.31061
-1.14578
-1.06267
-0.93157
-0.80113
-0.53536
-0.25093
-0.13235
-0.04847
-0.02157
-0.00280
-0.00339
-0.00309
0.00085
0.06421
0.17852
0.28516
0.36607
0.39868
0.61452
0.81391
0.92906
1.06981
1.21188
1.37092
1.55981
1.68465
1.77711
1.84528
2.01009
2.14938
2.25320
2.35775
2.50511
2.73092
2.92635
3.00643
3.13909
3.28489
3.31731
3.40948
3.47289
3.51978
3.57426
3.66477
3.71980
3.80694
3.90629
3.95089
3.97801
3.99545
3.99772
3.99682
3.91354
3.76068
3.56210
3.30030
3.10820
2.79120
2.56331
2.35161
2.09011
1.95907
1.77342
1.55589
1.33918
1.18769
1.04380
0.91679
0.70870
0.46938
0.22943
-0.03934
-0.18657
-0.48201
-0.80964
-1.02405
-1.35432
-1.66507
-1.72810
-1.87834
-2.10518
-2.26027
-2.56950
-2.88363
-2.91620
-3.03601
-3.09438
-3.26072
-3.40387
-3.48986
-3.56101
-3.60239
-3.64453
-3.68614
-3.72094
-3.80708
-3.86578
-3.91671
-3.97336
-3.99820
-3.95362
-3.83219
-3.68335
-3.48145
-3.28292
-3.12565
-2.91034
-2.62455
-2.39134
-2.15793
-2.05232
-1.92920
-1.76984
-1.60249
-1.32653
-1.04191
-0.79791
-0.65874
-0.47083
-0.28740
-0.17996
-0.00457
-0.00335
-0.00374
0.01814
0.03306
0.03651
0.18668
0.47345
0.82148
1.11127
1.42392
1.70230
1.92295
2.09865
2.22889
2.37606
2.48964
2.58650
2.72868
2.94359
3.01406
3.03993
3.10036
3.16833
3.28681
3.38618
3.45814
3.55029
3.63692
3.73121
3.86296
3.95010
3.99131
3.99710
3.95036
3.76263
3.55408
3.31597
3.01299
2.81489
2.59824
2.41992
2.23578
2.09414
1.92493
1.65867
1.29621
1.15625
1.09152
0.97294
0.90378
0.79595
0.56644
0.29468
0.07656
-0.10445
-0.28217
-0.37794
-0.52753
-0.65021
-0.74898
-0.81837
-0.91157
-1.04725
-1.20401
-1.36642
-1.54205
-1.63702
-1.80495
-2.03346
-2.18773
-2.44475
-2.62310
-2.74545
-2.92333
-3.09978
-3.17894
-3.29155
-3.41668
-3.52624
-3.61535
-3.71931
-3.80779
-3.89236
-3.93988
-4.00198
-3.97996
-3.87783
-3.83188
-3.76961
-3.64261
-3.41298
-3.19765
-2.99432
-2.72679
-2.56484
-2.47485
-2.29296
-2.16353
-2.03531
-1.85102
-1.65929
-1.50964
-1.31552
-1.12381
-1.03090
-0.87431
-0.69417
-0.40800
-0.15636
-0.00269
0.04477
0.13707
0.25607
0.38590
0.53672
0.75461
0.95675
1.11136
1.28018
1.50639
1.65943
1.81927
1.98013
2.13533
2.28268
2.42097
2.57618
2.63347
2.72015
2.80495
2.88649
2.94991
3.06415
3.21027
3.29274
3.42028
3.51866
3.61930
3.71538
3.85644
3.98782
4.01571
4.05695
4.08588
4.11277
4.13866
4.17872
4.23074
4.28273
4.31679
4.34070
4.39854
4.45039
4.47704
4.49291
4.49964
4.47632
4.37675
4.14720
4.04324
3.93345
3.72506
3.58835
3.46667
3.28970
3.17120
3.05960
2.91775
2.79003
2.68692
2.59671
2.46975
2.29240
2.12014
1.92506
1.77126
1.63945
1.49775
1.38312
1.21134
1.11877
1.05518
0.98834
0.90414
0.79231
0.69224
0.62025
0.51479
0.37998
0.27611
0.16344
0.02393
-0.14968
-0.31155
-0.49951
-0.65967
-0.85944
-0.93833
-1.03113
-1.12951
-1.27366
-1.42329
-1.50445
-1.59466
-1.69973
-1.82505
-1.92359
-2.01971
-2.11623
-2.19790
-2.35197
-2.52525
-2.72297
-2.82392
-2.97057
-3.07655
-3.17545
-3.25082
-3.35876
-3.50581
-3.61066
-3.70859
-3.80925
-3.88787
-3.98432
-4.08065
-4.09510
-4.11787
-4.15032
-4.17822
-4.21002
-4.30571
-4.38872
-4.45204
-4.49631
-4.49793
-4.36204
-4.10542
-3.88538
-3.73651
-3.56739
-3.41884
-3.27725
-3.10803
-2.93810
-2.77812
-2.56271
-2.30397
-2.10953
-1.91351
-1.69868
-1.49054
-1.21413
-1.10430
-0.99597
-0.81881
-0.65642
-0.51034
-0.30307
-0.24865
-0.15909
-0.00678
-0.00758
0.02008
0.07940
0.15194
0.20002
0.24728
0.34327
0.37828
0.43742
0.52311
0.58987
0.70643
0.78157
0.86252
0.94516
1.01094
1.13814
1.27286
1.40474
1.50795
1.61229
1.70175
1.75115
1.82615
1.94421
2.02006
2.12542
2.23099
2.36681
2.45841
2.59262
2.72343
2.86828
2.96446
3.03520
3.10434
3.16865
3.25254
3.36546
3.44930
3.54202
3.64732
3.73973
3.85845
3.96915
4.02855
4.15101
4.25086
4.32365
4.39680
4.45637
4.51376
4.53746
4.56641
4.62479
4.66708
4.72567
4.77070
4.84019
4.87913
4.92941
4.94744
4.94636
4.94463
4.97115
4.97937
4.98454
4.99097
4.99834
4.94239
4.77824
4.62621
4.38831
4.21511
4.12485
4.00532
3.87917
3.78684
3.62936
3.36916
3.04767
2.97051
2.83521
2.76634
2.64794
2.56786
2.36768
2.09162
1.89596
1.70501
1.47998
1.25371
1.03396
0.89500
0.67617
0.40810
0.17335
-0.01168
-0.30402
-0.57789
-0.84992
-1.03878
-1.23164
-1.46637
-1.66865
-1.89061
-2.11129
-2.39770
-2.58780
-2.77793
-3.03342
-3.21515
-3.45336
-3.59871
-3.92173
-4.15165
-4.24798
-4.39165
-4.46973
-4.63055
-4.72283
-4.82341
-4.90966
-4.92812
-4.96561
-5.00448
-4.96621
-4.82657
-4.51246
-4.32899
-3.95949
-3.67041
-3.32841
-3.20115
-3.01939
-2.82400
-2.56843
-2.33922
-2.13966
-1.89450
-1.79553
-1.65265
-1.46491
-1.24058
-0.95206
-0.75328
-0.54186
-0.37089
-0.18896
-0.03386
0.00678
0.16168
0.44464
0.78302
1.22721
1.55528
1.61201
1.72725
1.91220
2.15029
2.40030
2.68015
2.91171
3.04067
3.29333
3.52448
3.68363
3.73123
3.89359
4.06936
4.14336
4.19707
4.27559
4.35896
4.45593
4.55305
4.67377
4.86922
4.93846
4.99012
4.99916
4.99537
4.96026
4.81158
4.62083
4.47098
4.26399
4.15113
3.98702
3.78944
3.51593
3.25669
2.90402
2.64469
2.36610
2.13782
1.85154
1.52844
1.31033
1.08969
0.90808
0.70151
0.55809
0.32503
0.08927
-0.18892
-0.42811
-0.60042
-0.86398
-1.16828
-1.44911
-1.67366
-1.89237
-2.07969
-2.30159
-2.44560
-2.53610
-2.67034
-2.83340
-2.99883
-3.14138
-3.28599
-3.47895
-3.63300
-3.81598
-4.11319
-4.32668
-4.49824
-4.56348
-4.69460
-4.84651
-4.91992
-4.98341
-4.99919
-4.94438
-4.57835
-4.26901
-4.07691
-3.92264
-3.63667
-3.24097
-2.76346
-2.25032
-2.01860
-1.79175
-1.65466
-1.56290
-1.17533
-0.90905
-0.74879
-0.55878
-0.41040
-0.15644
-0.00855
-0.00866
-0.00604
0.05750
0.16136
0.31282
0.54295
0.73009
0.88393
1.13079
1.36474
1.54626
1.67609
1.90028
2.05425
2.30576
2.61389
2.88137
3.11432
3.27715
3.42552
3.67802
3.96970
4.06934
4.15759
4.33460
4.42668
4.64072
4.78575
4.89386
5.14669
5.31141
5.33677
5.36520
5.39206
5.42377
5.43549
5.44506
5.45305
5.46225
5.46681
5.47956
5.48772
5.49621
5.49638
5.40174
5.17601
4.96502
4.81345
4.59390
4.29583
3.99506
3.76724
3.52150
3.23047
2.97150
2.77687
2.55983
2.37954
2.13149
1.90633
1.65842
1.35100
1.07443
0.89364
0.58347
0.36447
0.30239
-0.02473
-0.38906
-0.83287
-1.11177
-1.18514
-1.33666
-1.48034
-1.68107
-1.84108
-2.04850
-2.34212
-2.60708
-2.97072
-3.26642
-3.55410
-3.75250
-4.00623
-4.19417
-4.37157
-4.53725
-4.74803
-4.95924
-5.02916
-5.15495
-5.24992
-5.30419
-5.35258
-5.39137
-5.45785
-5.51134
-5.31039
-5.12615
-4.88166
-4.66761
-4.51615
-4.34395
-4.15252
-3.93957
-3.68662
-3.53337
-3.41701
-3.32353
-3.12993
-2.96556
-2.71698
-2.44198
-2.15698
-1.82249
-1.48213
-1.11766
-0.87909
-0.80695
-0.72071
-0.62292
-0.60998
-0.60672
-0.51611
-0.20495
-0.01707
-0.00430
-0.00637
-0.00777
0.02434
0.22253
0.49577
0.69750
0.84716
1.13620
1.37277
1.74564
2.07062
2.37233
2.68296
3.08254
3.49679
3.65160
3.85703
4.20279
4.46946
4.66213
4.76679
4.92719
5.04910
5.27019
5.42179
5.47560
5.49714
5.33528
4.89270
4.79256
4.55997
4.35448
4.20553
4.13259
3.91208
3.64530
3.28701
2.95954
2.72807
2.58817
2.35679
2.03375
1.65629
1.25000
0.91658
0.69180
0.38733
0.04099
-0.28935
-0.56779
-0.89078
-1.08233
-1.15609
-1.26630
-1.45611
-1.84589
-2.22291
-2.47177
-2.57850
-2.70614
-2.93019
-3.19264
-3.38202
-3.62856
-3.92941
-4.21373
-4.40205
-4.65190
-4.84092
-4.99134
-5.14044
-5.30014
-5.44786
-5.50103
-5.48872
-5.20581
-4.86780
-4.55293
-4.31961
-3.98023
-3.57170
-3.24617
-2.91348
-2.55687
-2.22773
-2.12867
-1.89255
-1.61706
-1.29031
-1.02767
-0.82166
-0.64171
-0.53817
-0.51908
-0.41355
-0.19418
-0.00276
-0.00325
0.03375
0.11164
0.20767
0.28983
0.38452
0.48909
0.62223
0.74099
0.83169
0.91956
1.00350
1.09893
1.20932
1.30088
1.36066
1.43139
1.51557
1.59618
1.66709
1.74385
1.82363
1.89712
1.99196
2.06950
2.15420
2.30353
2.43506
2.51846
2.58642
2.66519
2.73846
2.83000
2.90669
3.00783
3.10148
3.21939
3.33654
3.45004
3.54385
3.65616
3.75273
3.86799
3.98086
4.08867
4.18655
4.30250
4.41477
4.52746
4.63182
4.73613
4.83889
4.96006
5.09567
5.21545
5.31890
5.43482
5.57247
5.67460
5.76313
5.86475
5.94974
5.96623
6.00834
5.95448
5.89058
5.82039
5.76370
5.72439
5.68237
5.62083
5.60172
5.55143
5.49766
5.43285
5.36122
5.28388
5.21500
5.15271
5.06236
5.01717
4.93845
4.83864
4.68660
4.52122
4.42592
4.23453
4.01495
3.85516
3.70244
3.52269
3.31734
3.10072
2.88925
2.69667
2.50824
2.26955
2.03807
1.83996
1.60752
1.40183
1.24443
1.02032
0.79871
0.52839
0.27039
0.00473
-0.16070
-0.41291
-0.70187
-0.91945
-1.13458
-1.37399
-1.65626
-1.89921
-2.08511
-2.32526
-2.57778
-2.79089
-3.01609
-3.27533
-3.53553
-3.79821
-4.00414
-4.22725
-4.47493
-4.63795
-4.84964
-5.05254
-5.29301
-5.51649
-5.72531
-5.89100
-6.01950
-5.95674
-5.84379
-5.71726
-5.61218
-5.51610
-5.39383
-5.28844
-5.14295
-5.00475
-4.84291
-4.68206
-4.51894
-4.35632
-4.16998
-3.96838
-3.76642
-3.49996
-3.24610
-3.00778
-2.79450
-2.54408
-2.27976
-2.06267
-1.81946
-1.54375
-1.32356
-1.07711
-0.86053
-0.66395
-0.53133
-0.32381
0.03685
0.12360
0.34700
0.53439
0.76182
0.97695
1.22700
1.37654
1.49127
1.60196
1.76247
1.89821
2.07271
2.24599
2.40187
2.55477
2.72365
2.85077
3.02452
3.24668
3.45833
3.61967
3.77863
3.92574
3.99831
4.19062
4.37677
4.55730
4.76032
4.92120
5.11467
5.27329
5.48258
5.66327
5.81256
5.90791
6.02346
6.11025
6.20453
6.26499
6.31542
6.36576
6.40296
6.43662
6.47001
6.50036
6.45650
6.38269
6.30501
6.25693
6.17920
6.08065
6.00084
5.92878
5.84561
5.74584
5.62668
5.51700
5.42717
5.29276
5.16117
5.04053
4.93153
4.87385
4.85877
4.84407
4.74218
4.65672
4.52999
4.37424
4.15783
3.96812
3.77786
3.59358
3.46331
3.34456
3.17529
3.02864
2.88034
2.74370
2.64822
2.50509
2.37572
2.25930
2.12537
2.02924
1.87665
1.71161
1.47363
1.24572
0.97479
0.75236
0.48917
0.29128
0.11033
-0.07634
-0.27934
-0.45911
-0.60287
-0.76322
-0.90696
-1.05101
-1.18892
-1.32345
-1.45873
-1.58543
-1.72237
-1.80655
-1.91728
-2.02883
-2.15232
-2.26573
-2.39152
-2.54860
-2.67393
-2.82032
-2.95769
-3.09778
-3.26188
-3.37992
-3.44845
-3.57089
-3.70701
-3.84878
-4.01052
-4.17698
-4.30322
-4.44764
-4.61372
-4.75114
-4.91441
-5.09752
-5.25325
-5.39403
-5.50179
-5.69460
-5.85415
-5.98551
-6.14321
-6.26530
-6.36385
-6.41592
-6.46668
-6.49834
-6.49433
-6.46115
-6.41123
-6.38230
-6.35912
-6.31721
-6.25560
-6.15720
-6.07326
-6.00360
-5.87135
-5.79389
-5.73281
-5.67349
-5.61510
-5.53183
-5.43116
-5.34283
-5.24710
-5.14602
-5.03403
-4.96632
-4.88553
-4.84535
-4.82275
-4.79013
-4.76088
-4.67676
-4.49786
-4.30236
-4.14215
-4.02939
-3.92423
-3.86074
-3.80285
-3.72155
-3.61193
-3.50195
-3.38321
-3.26422
-3.08624
-2.93074
-2.78567
-2.62436
-2.48272
-2.38453
-2.29816
-2.20348
-2.11521
-2.00008
-1.83805
-1.70046
-1.54520
-1.38944
-1.26127
-1.14492
-1.04277
-0.86915
-0.67548
-0.53096
-0.43621
-0.33703
-0.15899
-0.05234
0.08379
0.24155
0.43667
0.59709
0.74116
0.90157
1.04367
1.19599
1.37544
1.56315
1.71000
1.89103
2.07875
2.26192
2.44382
2.60399
2.77451
2.97510
3.20088
3.42498
3.64046
3.90242
4.15076
4.39670
4.63509
4.91776
5.08431
5.19002
5.33936
5.47210
5.59787
5.77716
5.90550
6.03553
6.22000
6.31627
6.42892
6.57423
6.69691
6.77088
6.82104
6.83312
6.84785
6.86718
6.89703
6.91283
6.91417
6.91620
6.91499
6.91560
6.90674
6.88802
6.87617
6.86051
6.84343
6.82506
6.80258
6.78149
6.77821
6.77777
6.76391
6.73077
6.73095
6.71838
6.62263
6.55385
6.49871
6.44207
6.38012
6.28415
6.21479
6.17016
6.09694
6.00608
5.92189
5.82223
5.73106
5.61796
5.48288
5.36759
5.22958
5.11617
4.98742
4.84714
4.63955
4.41832
4.19836
3.99694
3.82439
3.57131
3.32445
3.09777
2.85411
2.61427
2.34074
2.09535
1.86854
1.67221
1.41859
1.17987
0.92596
0.68163
0.39598
0.14953
-0.08219
-0.30266
-0.52334
-0.80751
-1.07683
-1.34674
-1.58312
-1.84008
-2.12613
-2.33747
-2.55100
-2.76993
-3.01135
-3.28104
-3.49008
-3.75029
-3.98365
-4.19098
-4.38778
-4.62608
-4.90309
-5.11849
-5.36202
-5.57705
-5.78981
-6.06275
-6.27513
-6.45227
-6.64668
-6.79436
-6.82459
-6.88921
-6.92360
-6.95837
-6.99054
-6.99438
-6.99530
-6.99085
-6.95367
-6.88558
-6.77382
-6.64787
-6.53812
-6.45802
-6.38763
-6.31181
-6.22771
-6.09526
-5.96469
-5.83377
-5.67345
-5.53875
-5.40469
-5.20680
-5.01532
-4.77538
-4.34658
-3.95383
-3.53036
-3.18420
-2.85328
-2.43614
-2.04094
-1.65564
-1.29183
-0.94687
-0.61326
-0.26203
-0.07031
-0.03420
