0.00000
0.02442
0.03058
-0.00580
0.00097
0.00991
0.03324
0.15725
0.16402
0.17973
0.18977
0.26326
0.35959
0.37192
0.35548
0.42969
0.42039
0.36624
0.38086
0.35500
0.38400
0.34520
0.24670
0.14251
0.04980
-0.06164
-0.10298
-0.15580
-0.20500
-0.29347
-0.33831
-0.42534
-0.47006
-0.47671
-0.52602
-0.52965
-0.48432
-0.39186
-0.34001
-0.25068
-0.21926
-0.14009
-0.12280
-0.01958
0.00907
0.02309
0.06007
0.04883
0.02828
0.03058
0.09367
0.17744
0.24355
0.28912
0.36007
0.36249
0.17526
-0.01765
-0.08086
-0.19859
-0.33662
-0.44806
-0.47357
-0.51382
-0.54005
-0.51466
-0.49315
-0.48118
-0.35342
-0.31221
-0.25238
-0.19678
-0.12861
-0.07639
-0.00181
0.03554
0.10564
0.21708
0.32417
0.36527
0.37494
0.39597
0.40044
0.12752
-0.07566
-0.19581
-0.30640
-0.43670
-0.23630
-0.20475
-0.15641
-0.10250
-0.03602
-0.02248
0.03626
0.01463
0.11229
0.15133
0.21865
0.23703
0.32284
0.34750
0.46571
0.55963
0.55987
0.46317
0.29323
0.17490
0.12607
0.03699
0.04363
-0.04412
-0.03892
-0.08944
-0.09803
-0.11906
-0.17816
-0.17780
-0.22530
-0.26374
-0.26954
-0.34436
-0.36720
-0.45229
-0.46595
-0.55745
-0.60374
-0.62163
-0.64677
-0.62937
-0.66164
-0.70177
-0.79073
-0.82941
-0.82107
-0.70636
-0.45145
-0.30653
-0.27897
-0.20234
-0.13392
-0.06757
-0.00882
0.04496
0.08086
0.09174
0.12752
0.24295
0.24972
0.30350
0.32055
0.36551
0.41809
0.42208
0.48578
0.49690
0.50657
0.57582
0.28610
0.15375
-0.07180
-0.23050
-0.37312
-0.56724
-0.58972
-0.62381
-0.72002
-0.79230
-0.79472
-0.79762
-0.78783
-0.78311
-0.59843
-0.47151
-0.34109
-0.21950
-0.13985
-0.06551
0.01644
0.09488
0.09198
0.15629
0.23860
0.33928
0.37687
0.38183
0.43634
0.38848
0.43392
0.46692
0.47163
0.57607
0.53557
0.54669
0.37941
0.22844
0.11845
0.00604
-0.08473
-0.11374
-0.21007
-0.20959
-0.28368
-0.30592
-0.38606
-0.50088
-0.57087
-0.67602
-0.81152
-0.82058
-0.78964
-0.46499
-0.35487
-0.21527
-0.11325
-0.07820
-0.05657
-0.03336
0.03397
0.05693
0.09585
0.11773
0.20246
0.21648
0.20052
0.26821
0.30471
0.31946
0.39295
0.44698
0.49109
0.52119
0.55383
0.61499
0.59250
0.61450
0.66043
0.63988
0.68690
0.67373
0.67457
0.71809
0.72993
0.67651
0.65850
0.49702
0.39476
0.33529
0.29335
0.21285
0.15060
0.08147
0.07252
-0.02260
-0.07373
-0.07579
-0.12679
-0.12643
-0.18650
-0.17345
-0.20161
-0.25878
-0.30761
-0.35354
-0.36249
-0.37361
-0.43513
-0.43114
-0.47780
-0.57437
-0.60797
-0.63082
-0.72220
-0.78070
-0.82590
-0.88634
-0.92925
-0.97699
-1.00950
-1.00817
-0.98751
-0.92622
-0.71337
-0.51019
-0.42304
-0.29976
-0.23340
-0.15532
-0.07579
0.00012
0.00351
0.03227
0.06479
0.14396
0.19907
0.28042
0.35463
0.44444
0.46607
0.51418
0.61813
0.63529
0.65040
0.68461
0.67421
0.68992
0.52953
0.30943
0.10842
-0.04085
-0.10987
-0.25902
-0.38146
-0.45822
-0.51478
-0.65862
-0.80100
-0.99041
-0.95644
-0.64375
-0.40141
-0.27728
-0.08280
-0.04907
-0.00737
0.04291
0.04919
0.08654
0.07470
0.09827
0.13562
0.24996
0.23896
0.33469
0.35113
0.42026
0.45943
0.45338
0.54814
0.58501
0.63142
0.67506
0.69778
0.69826
0.60834
0.29106
0.13223
0.00314
-0.06394
-0.16813
-0.29915
-0.41277
-0.50560
-0.60749
-0.71881
-0.86712
-0.71664
-0.39960
-0.28743
-0.16160
-0.06587
-0.01886
0.06587
0.09247
0.09210
0.13574
0.14529
0.16741
0.20246
0.24815
0.29843
0.32139
0.34811
0.40141
0.45109
0.50596
0.59081
0.58960
0.62369
0.64835
0.68340
0.76837
0.75254
0.80076
0.78203
0.83630
0.83920
0.82747
0.73199
0.53606
0.37965
0.27510
0.18965
0.10334
0.03034
-0.04158
-0.11338
-0.22578
-0.29674
-0.37977
-0.44480
-0.47453
-0.62200
-0.68110
-0.78916
-0.92381
-1.03235
-1.13932
-1.16216
-1.02824
-0.82590
-0.64943
-0.52820
-0.45387
-0.36889
-0.27425
-0.14819
-0.05717
0.03517
0.00411
0.05367
0.06080
0.06503
0.06491
0.14093
0.19931
0.21273
0.28948
0.33904
0.35983
0.44021
0.57026
0.58852
0.60894
0.65330
0.68412
0.71204
0.77441
0.78964
0.79907
0.79158
0.83183
0.82989
0.83618
0.66019
0.43259
0.25721
0.19847
0.15411
0.04351
-0.05270
-0.03203
-0.10661
-0.16849
-0.19762
-0.28223
-0.34545
-0.38014
-0.43489
-0.49291
-0.55685
-0.56918
-0.67457
-0.75145
-0.81019
-0.88839
-1.01663
-1.07804
-1.14331
-1.16821
-1.14814
-1.04274
-0.77465
-0.63541
-0.44540
-0.34267
-0.21986
-0.14952
-0.13211
-0.07071
-0.02478
-0.01523
0.04376
0.07663
0.07494
0.11217
0.12764
0.18989
0.19001
0.22953
0.28888
0.39089
0.50802
0.61015
0.63227
0.69959
0.69222
0.72631
0.81140
0.85624
0.84017
0.81055
0.58199
0.37844
0.24247
0.19907
0.10310
0.01390
-0.04315
-0.12546
-0.23449
-0.25721
-0.28840
-0.30604
-0.39899
-0.44383
-0.51563
-0.56410
-0.64061
-0.73042
-0.77224
-0.93674
-1.13920
-1.14597
-1.07755
-0.68231
-0.45882
-0.24488
-0.10322
-0.00822
0.00713
0.03928
0.04823
0.09392
0.08546
0.10588
0.13199
0.14504
0.14819
0.20415
0.19690
0.22748
0.23292
0.26797
0.32454
0.37228
0.39476
0.42582
0.50197
0.52445
0.53642
0.56482
0.58344
0.64073
0.66841
0.66889
0.72002
0.71869
0.75822
0.78408
0.79931
0.81502
0.80487
0.82554
0.81865
0.85709
0.83485
0.88102
0.85805
0.88054
0.90471
0.88368
0.92538
0.93843
0.97602
0.98110
0.98485
0.99307
1.02377
1.01168
1.06087
1.06535
1.06704
1.05689
1.06740
1.11128
1.07103
1.07731
0.96515
0.86531
0.83364
0.74891
0.66237
0.59867
0.51938
0.48384
0.42933
0.37313
0.33505
0.30471
0.25105
0.23147
0.19726
0.15302
0.10637
0.03046
-0.05451
-0.08884
-0.18892
-0.25213
-0.31487
-0.36358
-0.44130
-0.41748
-0.48191
-0.52324
-0.56349
-0.61426
-0.66430
-0.75326
-0.85624
-0.90229
-0.99029
-1.04903
-1.11913
-1.11949
-1.17304
-1.21184
-1.19999
-1.27300
-1.26212
-1.28956
-1.35471
-1.33053
-1.32993
-1.41659
-1.47679
-1.43037
-1.39459
-1.38577
-1.21849
-1.05169
-0.91365
-0.76245
-0.62030
-0.50765
-0.34545
-0.20403
-0.10395
-0.03626
-0.02550
0.03324
0.07905
0.09307
0.10782
0.12631
0.16293
0.16330
0.22385
0.19944
0.23316
0.24041
0.31547
0.33022
0.37639
0.40818
0.48445
0.56676
0.57474
0.60036
0.60785
0.67760
0.67337
0.73743
0.75060
0.80318
0.86168
0.90471
0.88791
0.93179
0.97373
1.01869
0.98618
0.99863
1.01881
1.03730
1.03730
1.03017
1.03017
1.06245
1.08819
1.05991
1.05725
1.07997
1.01398
0.82989
0.73876
0.60616
0.45798
0.28501
0.18711
0.09295
0.04847
-0.04944
-0.13259
-0.17949
-0.23412
-0.30145
-0.13912
-0.14710
-0.21491
-0.22820
-0.34605
-0.49822
-0.47357
-0.57038
-0.57606
-0.61402
-0.68013
-0.77139
-0.85999
-0.92030
-0.93432
-1.00612
-1.04830
-1.06232
-1.14198
-1.19383
-1.19250
-1.27892
-1.30346
-1.36135
-1.36498
-1.35048
-1.39496
-1.37949
-1.35386
-1.25958
-1.07538
-0.97506
-0.93638
-0.83473
-0.68134
-0.58598
-0.53775
-0.42486
-0.36539
-0.20403
-0.17719
-0.09198
-0.01825
0.05850
0.12015
0.21334
0.19508
0.24742
0.29662
0.36720
0.38461
0.42993
0.48590
0.54524
0.64593
0.70213
0.71930
0.80112
0.84150
0.88863
0.95681
0.94605
0.97494
1.03259
1.02353
1.09738
1.09121
1.06547
1.00721
0.91148
0.75737
0.69403
0.54911
0.43296
0.31861
0.25709
0.16789
0.11398
0.07639
-0.02321
-0.08642
-0.13247
-0.16269
-0.20076
-0.33433
-0.42002
-0.48300
-0.61716
-0.74226
-0.83871
-0.96623
-1.05423
-1.23251
-1.27614
-1.32280
-1.38396
-1.41563
-1.38118
-1.30056
-1.02401
-0.89153
-0.70527
-0.56410
-0.44105
-0.31209
-0.16221
-0.07216
-0.00242
1.18392
1.22659
1.22066
1.22381
1.24037
1.29391
1.30757
1.29077
1.28859
1.31688
1.26901
1.17824
1.05701
0.94460
0.90737
0.81055
0.70793
0.61245
0.52192
0.46946
0.41591
0.32949
0.30133
0.18118
0.16595
0.09283
0.07059
0.00459
-0.02043
-0.08787
-0.09754
-0.14565
-0.22929
-0.29867
-0.37252
-0.39077
-0.48420
-0.53243
-0.62876
-0.70153
-0.82445
-0.99512
-1.18597
-1.27735
-1.35737
-1.43605
-1.50350
-1.54979
-1.63222
-1.66897
-1.72372
-1.80060
-1.70910
-1.44161
-1.23505
-1.03900
-0.89492
-0.85201
-0.74432
-0.61994
-0.46958
-0.33493
-0.14710
-0.11096
-0.05342
0.03469
0.11821
0.14069
0.15641
0.20004
0.26918
0.26736
0.30387
0.37300
0.46305
0.51152
0.54597
0.58948
0.61680
0.68026
0.69319
0.72413
0.77175
0.80161
0.86083
0.91051
0.95149
1.01301
1.03259
1.07405
1.16458
1.18513
1.26248
1.25886
1.28642
1.30624
1.28485
1.26115
1.16712
0.96817
0.80705
0.63868
0.51188
0.34085
0.13574
0.05923
-0.09742
-0.18130
-0.35161
-0.48952
-0.68473
-0.77018
-0.86144
-0.96333
-1.11502
-1.34987
-1.57723
-1.67356
-1.68674
-1.68625
-1.69230
-1.76494
-1.67900
-1.55076
-1.39955
-1.24798
-1.17655
-1.12324
-1.07078
-0.98074
-0.94738
-0.87485
-0.76607
-0.76752
-0.74504
-0.66696
-0.60435
-0.47441
-0.41978
-0.39718
-0.36841
-0.34327
-0.32381
-0.29565
-0.28090
-0.25274
-0.17961
-0.17127
-0.11156
-0.02937
0.05669
0.10975
0.09923
0.16463
0.14504
0.22566
0.26289
0.29686
0.30133
0.32756
0.35778
0.37603
0.45338
0.48312
0.47514
0.53159
0.53666
0.62151
0.60689
0.65584
0.66128
0.73428
0.78590
0.82590
0.85298
0.87872
0.92949
0.98847
1.07767
1.07514
1.14488
1.20157
1.24967
1.26756
1.29935
1.34045
1.28738
1.25269
1.11563
0.92127
0.82675
0.77840
0.63275
0.58223
0.54101
0.46124
0.39404
0.27740
0.17297
0.13223
0.08715
0.04557
-0.03880
-0.03517
-0.07458
-0.12135
-0.15399
-0.19895
-0.19037
-0.22675
-0.31402
-0.36877
-0.47538
-0.55709
-0.64786
-0.74939
-0.80765
-0.89927
-0.94230
-1.09568
-1.24242
-1.34008
-1.42264
-1.47824
-1.56538
-1.61095
-1.63561
-1.68396
-1.71321
-1.61579
-1.61240
-1.62703
-1.45926
-1.32086
-1.21873
-1.08335
-0.98666
-0.91124
-0.89129
-0.83509
-0.76740
-0.70491
-0.62417
-0.60737
-0.53594
-0.47647
-0.43247
-0.40842
-0.34085
-0.27752
-0.21176
-0.13018
-0.08449
-0.04472
-0.04521
0.02538
0.04811
0.09609
0.10951
0.12558
0.15302
0.21164
0.20717
0.24549
0.26156
0.24803
0.26664
0.27994
0.32417
0.38328
0.38449
0.39077
0.46644
0.45266
0.47200
0.52433
0.55419
0.58513
0.58864
0.59565
0.63022
0.67071
0.65415
0.69996
0.70612
0.70503
0.72292
0.73078
0.76208
0.78565
0.84029
0.88126
0.92465
0.97880
1.03573
1.05942
1.10306
1.11345
1.18996
1.20265
1.16736
1.19975
1.22187
1.24846
1.27179
1.27602
1.32461
1.34323
1.33670
1.36244
1.38758
1.38456
1.37755
1.40523
1.42723
1.35894
1.33017
1.21124
1.17715
1.06136
0.98690
0.92212
0.84863
0.76281
0.70407
0.69911
0.64327
0.59601
0.53775
0.48566
0.43392
0.41519
0.32393
0.26773
0.17031
0.13658
0.07180
0.04835
-0.01064
-0.04339
-0.09863
-0.15363
-0.17840
-0.17478
-0.22494
-0.28997
-0.26579
-0.33251
-0.35270
-0.41736
-0.42486
-0.50137
-0.52917
-0.52989
-0.58658
-0.66212
-0.72776
-0.75181
-0.74988
-0.82216
-0.86277
-0.90640
-0.93166
-1.00334
-1.08178
-1.14464
-1.27276
-1.31579
-1.38855
-1.44645
-1.52900
-1.64806
-1.73992
-1.79105
-1.76651
-1.80531
-1.80470
-1.69834
-1.58533
-1.46458
-1.33621
-1.27457
-1.22755
-1.21269
-1.13497
-1.01168
-0.89552
-0.81261
-0.71917
-0.65451
-0.63602
-0.54234
-0.53594
-0.46221
-0.41362
-0.39790
-0.37518
-0.32115
-0.29154
-0.28586
-0.27522
-0.27462
-0.23110
-0.21358
-0.20463
-0.20657
-0.16402
-0.11386
-0.06624
-0.07917
-0.02877
-0.03445
-0.00773
0.01692
0.02297
0.05258
0.07760
0.06515
0.11132
0.14662
0.15568
0.12353
0.15097
0.19049
0.23521
0.21781
0.24984
0.28646
0.29879
0.30218
0.33058
0.35076
0.40661
0.40890
0.47647
0.49073
0.49593
0.52711
0.54875
0.58912
0.61982
0.67059
0.72183
0.74830
0.77913
0.78517
0.84222
0.92465
0.93952
1.05870
1.08855
1.15600
1.17800
1.26406
1.30237
1.31784
1.33803
1.33368
1.36982
1.37598
1.43013
1.41889
1.46434
1.44016
1.46639
1.47667
1.51401
1.50422
1.53855
1.55330
1.53057
1.52405
1.47884
1.29500
1.18368
1.03646
0.84573
0.72123
0.47768
0.32115
0.23074
0.10298
0.01390
-0.03409
-0.09984
-0.20318
-0.22276
-0.33142
-0.41108
-0.45628
-0.54972
-0.61063
-0.71301
-0.81539
-0.84669
-0.95584
-1.11998
-1.18126
-1.28593
-1.32352
-1.36244
-1.44850
-1.51413
-1.55535
-1.58218
-1.62751
-1.73992
-1.80301
-1.83444
-1.87844
-1.94600
-1.92207
-1.96026
-1.98190
-1.97574
-1.79733
-1.59608
-1.46724
-1.38480
-1.32630
-1.26575
-1.18718
-1.09943
-1.07828
-1.03223
-0.90108
-0.81853
-0.75580
-0.69029
-0.56736
-0.52893
-0.45229
-0.37361
-0.35427
-0.28429
-0.21998
-0.09537
-0.05584
0.03650
0.10020
0.13139
0.15048
0.17212
0.16064
0.23376
0.21793
0.25455
0.26471
0.31475
0.36527
0.35463
0.39343
0.47043
0.48662
0.54391
0.56410
0.65185
0.73682
0.71772
0.77659
0.81587
0.86301
0.89093
0.90350
0.96200
1.04008
1.07683
1.10028
1.15080
1.19685
1.28823
1.35628
1.40753
1.46168
1.45080
1.51111
1.49685
1.56055
1.56260
1.55692
1.52393
1.43799
1.30261
1.22489
1.09472
1.03247
0.89069
0.81768
0.71422
0.58912
0.48674
0.37228
0.30604
0.19073
0.11628
0.04702
-0.04303
-0.09101
-0.10310
-0.20379
-0.25588
-0.30205
-0.35777
-0.39029
-0.38618
-0.44311
-0.53557
-0.57474
-0.68872
-0.77610
-0.84838
-0.89359
-0.91885
-0.99850
-1.02244
-1.07779
-1.10439
-1.16168
-1.25233
-1.34359
-1.45430
-1.56635
-1.65301
-1.73859
-1.81607
-1.89282
-1.94564
-1.96425
-1.97151
-1.97163
-1.94117
-1.78319
-1.57348
-1.42022
-1.29500
-1.24858
-1.15189
-1.05882
-0.99911
-0.98134
-0.87268
-0.76160
-0.65789
-0.56664
-0.45229
-0.41011
-0.31656
-0.26748
-0.23703
-0.19786
-0.16305
-0.07929
-0.08473
-0.05391
-0.02043
-0.00387
0.02998
0.07518
0.08630
0.14589
0.12885
0.20415
0.22893
0.25624
0.29867
0.35693
0.37252
0.40552
0.39404
0.42643
0.45024
0.50246
0.51624
0.53509
0.58428
0.61583
0.69621
0.71531
0.80282
0.85697
0.91100
0.96950
1.01784
1.04468
1.09375
1.13835
1.17449
1.19528
1.25596
1.29560
1.38094
1.47920
1.55269
1.55668
1.53287
1.52308
1.49298
1.34117
1.23227
1.08336
0.92453
0.81466
0.68219
0.53267
0.41869
0.36950
0.28682
0.22857
0.14384
0.06128
0.03010
-0.02816
-0.06914
-0.06104
-0.15085
-0.12800
-0.17236
-0.26217
-0.31112
-0.43223
-0.51007
-0.62369
-0.72171
-0.83630
-0.94738
-1.03090
-1.07731
-1.23468
-1.36607
-1.47425
-1.55293
-1.73653
-1.87517
-2.01478
-1.92376
-1.87807
-1.64600
-1.42469
-1.26925
-1.18053
-1.08227
-0.93662
-0.81067
-0.77381
-0.71108
-0.60471
-0.51720
-0.39814
-0.32732
-0.26495
-0.22192
-0.16342
-0.10371
-0.06926
-0.02998
0.01269
0.06624
0.10625
0.11543
0.15641
0.14795
0.07482
0.08231
0.15991
0.21092
0.27933
0.33082
0.36974
0.43404
0.47611
0.52325
0.55165
0.60520
0.64557
0.69718
0.81744
0.84512
0.95318
1.00938
1.08867
1.12167
1.16809
1.24085
1.31337
1.38360
1.39423
1.48162
1.48380
1.53069
1.53662
1.54991
1.57445
1.61071
1.61325
1.63815
1.65579
1.67598
1.69931
1.74222
1.74004
1.72602
1.75249
1.76736
1.78645
1.78984
1.79081
1.81570
1.79757
1.78343
1.66571
1.59004
1.49359
1.45104
1.33017
1.27046
1.15298
1.01845
0.94133
0.79496
0.67893
0.58827
0.50983
0.47357
0.40008
0.33699
0.22941
0.17321
0.12425
0.08255
-0.04085
-0.09766
-0.18940
-0.23630
-0.27099
-0.30242
-0.35221
-0.39404
-0.40189
-0.47901
-0.56700
-0.58078
-0.65838
-0.76112
-0.98098
-1.10003
-1.19999
-1.28521
-1.35096
-1.48186
-1.57058
-1.69278
-1.82235
-2.01369
-2.14024
-2.15789
-2.19161
-2.23283
-2.28480
-2.25374
-2.32517
-2.30353
-2.35611
-2.36300
-2.32662
-2.35369
-2.19197
-2.11087
-1.90478
-1.77110
-1.66413
-1.46422
-1.29717
-1.15056
-0.95862
-0.86797
-0.75592
-0.62659
-0.53811
-0.48312
-0.47417
-0.44178
-0.36321
-0.33566
-0.27752
-0.23074
-0.18433
-0.12788
-0.04895
0.01027
0.04629
0.11205
0.18868
0.29202
0.32176
0.34726
0.32006
0.37893
0.42099
0.45665
0.54585
0.62393
0.72135
0.76813
0.84125
0.86047
0.93033
0.97240
1.02340
1.13158
1.19480
1.26212
1.39314
1.45116
1.55245
1.55233
1.57022
1.60007
1.64504
1.68940
1.69604
1.71430
1.75007
1.75902
1.76820
1.75805
1.77038
1.81160
1.71321
1.61361
1.47364
1.36450
1.28110
1.17147
1.07224
0.98231
0.87195
0.77042
0.62671
0.52022
0.47466
0.36865
0.26446
0.21031
0.11918
0.06624
0.01547
-0.02780
-0.10540
-0.17417
-0.20004
-0.25927
-0.31656
-0.34823
-0.42607
-0.47997
-0.54863
-0.62731
-0.64291
-0.70660
-0.75846
-0.83074
-0.93106
-0.98690
-1.09991
-1.20761
-1.31071
-1.42191
-1.54665
-1.66232
-1.73871
-1.80072
-1.84302
-1.96051
-1.99471
-2.00160
-2.04850
-2.12199
-2.14302
-2.24503
-2.27791
-2.25023
-2.25301
-2.26244
-2.31308
-2.31441
-2.16248
-1.91808
-1.78827
-1.64238
-1.46784
-1.32461
-1.19999
-1.07816
-0.94859
-0.83654
-0.74129
-0.67179
-0.58465
-0.46341
-0.39512
-0.33868
-0.30628
-0.25552
-0.16946
-0.12764
-0.08280
-0.01027
0.05717
0.09343
0.12812
0.16789
0.19956
0.19206
0.22095
0.19545
0.19919
0.21986
0.25902
0.28344
0.30302
0.35367
0.40298
0.46100
0.54814
0.62478
0.64992
0.73718
0.74480
0.84730
0.88876
0.95681
0.96865
1.06704
1.07538
1.15370
1.25366
1.32099
1.34613
1.46131
1.45745
1.52924
1.53057
1.58194
1.64105
1.68879
1.70596
1.75720
1.76373
1.76603
1.79093
1.77388
1.78404
1.70100
1.57953
1.45527
1.34492
1.16398
1.03416
0.94291
0.79508
0.69355
0.58839
0.53304
0.40842
0.36539
0.28163
0.21321
0.12667
0.03723
-0.02236
-0.09379
-0.17997
-0.20173
-0.20935
-0.30012
-0.36225
-0.52639
-0.62840
-0.70116
-0.79423
-0.87123
-1.03138
-1.13158
-1.21196
-1.31083
-1.44463
-1.61095
-1.74197
-1.89983
-2.01550
-2.03472
-2.16381
-2.26461
-2.29846
-2.19898
-2.12634
-1.93923
-1.71792
-1.48464
-1.34903
-1.19782
-1.09085
-0.97651
-0.84730
-0.76535
-0.68835
-0.61450
-0.53074
-0.43005
-0.36418
-0.28054
-0.19170
-0.10552
-0.03384
0.00907
0.00073
0.09174
0.13973
0.13199
0.16124
0.20113
0.23159
0.03723
0.17925
0.24960
0.25661
0.32333
0.40419
0.47574
0.49291
0.54754
0.61039
0.65270
0.72498
0.75399
0.83219
0.88174
0.90846
0.95149
1.02618
1.11369
1.21015
1.28956
1.33658
1.41236
1.45165
1.50314
1.58098
1.61567
1.65954
1.69036
1.71176
1.74173
1.76010
1.78198
1.83504
1.83287
1.86091
1.89246
1.91300
1.91397
1.91337
1.94866
1.94141
1.96570
1.95676
1.78198
1.69810
1.57348
1.44234
1.32461
1.19697
1.07610
0.94581
0.81478
0.71253
0.63034
0.52723
0.43985
0.37578
0.30399
0.21056
0.11894
0.05306
0.03904
-0.03795
-0.13610
-0.16885
-0.16825
-0.24754
-0.31136
-0.37687
-0.48167
-0.54476
-0.67530
-0.70298
-0.79423
-0.85600
-0.93771
-1.03404
-1.08130
-1.13098
-1.22090
-1.28303
-1.36160
-1.43774
-1.56139
-1.62836
-1.76131
-1.80108
-1.91059
-2.04838
-2.19391
-2.25543
-2.27767
-2.35382
-2.41111
-2.44507
-2.52787
-2.55422
-2.56485
-2.66457
-2.71582
-2.71050
-2.67352
-2.69576
-2.65345
-2.46502
-2.28105
-2.02662
-1.88073
-1.73992
-1.54338
-1.42046
-1.29367
-1.11019
-1.05846
-0.95547
-0.80342
-0.70576
-0.53763
-0.49629
-0.42836
-0.28634
-0.20234
-0.18094
-0.09367
-0.04037
0.08449
0.22168
0.21225
0.22240
0.26495
1.49105
1.56248
1.61917
1.65978
1.72409
1.76397
1.78960
1.86562
1.89294
1.96570
1.96643
1.97259
1.97803
2.01732
2.01139
2.01127
2.02469
2.05225
2.07787
2.07267
2.04874
1.92231
1.78512
1.75974
1.62969
1.53057
1.47667
1.40269
1.33791
1.23335
1.15237
1.04855
0.94992
0.86784
0.79702
0.68618
0.59178
0.52337
0.41797
0.35681
0.23932
0.18445
0.07289
0.01958
-0.05028
-0.08993
-0.13525
-0.19424
-0.21442
-0.28284
-0.34109
-0.40503
-0.46027
-0.53485
-0.65112
-0.75326
-0.88283
-1.07864
-1.17763
-1.26079
-1.31724
-1.46228
-1.58666
-1.71635
-1.89596
-1.95156
-2.11945
-2.28033
-2.40712
-2.63617
-2.58564
-2.54975
-2.51518
-1.96184
-1.68251
-1.47147
-1.24230
-1.08420
-0.90253
-0.81563
-0.73549
-0.59383
-0.49472
-0.37143
-0.26132
-0.14710
-0.04508
0.06950
0.14855
0.20318
0.21745
0.25467
0.27425
0.29988
0.39464
0.45362
0.56047
0.66031
0.76233
0.86216
1.04238
1.09012
1.24024
1.32038
1.38928
1.46422
1.51123
1.57904
1.60334
1.63440
1.70910
1.73279
1.75829
1.77425
1.82090
1.86961
1.86405
1.91989
1.90793
1.94274
1.96631
1.97356
2.00450
1.99737
2.00221
2.02372
2.02541
2.04898
2.05394
2.06760
2.10241
2.07243
1.87795
1.74766
1.52622
1.37586
1.19202
1.03755
0.90374
0.75822
0.65898
0.57655
0.48312
0.42280
0.32925
0.27256
0.13646
0.08219
0.00061
-0.05584
-0.08509
-0.10479
-0.18312
-0.24114
-0.32018
-0.37917
-0.45604
-0.48300
-0.61100
-0.77030
-0.94363
-1.17582
-1.35906
-1.53166
-1.64649
-1.83915
-2.01985
-2.15535
-2.25349
-2.34813
-2.51844
-2.61610
-2.64886
-2.58359
-2.32553
-1.81413
-1.47413
-1.28351
-1.14065
-0.93855
-0.75676
-0.58199
-0.38908
-0.28694
-0.10419
0.00943
0.05911
0.06285
0.13852
0.22857
0.22252
0.30508
0.31898
0.37458
0.40806
0.47586
0.48130
0.52905
0.56688
0.58187
0.58574
0.62768
0.62260
0.65197
0.75942
0.81067
0.90266
1.00032
1.08783
1.18186
1.24774
1.32534
1.40717
1.47546
1.54798
1.64842
1.76095
1.82682
1.88194
1.96474
2.00885
2.01115
2.02952
2.06300
2.09576
2.10301
2.11619
2.15825
2.16369
2.18387
2.17082
2.21893
2.23283
2.24648
2.25410
2.29290
2.31804
2.32976
2.33581
2.30740
2.23573
2.04644
1.83843
1.68202
1.55511
1.42312
1.27058
1.13702
0.95910
0.85672
0.72969
0.51599
0.43187
0.32043
0.25564
0.22180
0.15592
0.12945
0.09754
-0.01801
-0.07421
-0.17973
-0.28465
-0.44661
-0.52131
-0.61462
-0.68557
-0.77260
-0.83726
-0.96829
-1.02135
-1.10692
-1.17751
-1.25692
-1.35882
-1.45104
-1.53553
-1.69350
-1.84725
-1.93126
-1.95579
-2.12839
-2.23125
-2.24830
-2.38500
-2.44749
-2.55265
-2.73395
-2.80937
-2.82605
-2.87779
-2.92988
-2.89289
-2.92625
-2.86606
-2.89241
-2.73903
-2.54286
-2.45547
-2.29677
-2.11957
-1.99036
-1.75781
-1.59463
-1.39907
-1.25390
-1.16059
-1.05870
-0.99863
-0.94278
-0.94230
-0.82324
-0.75640
-0.61789
-0.51454
-0.43066
-0.33566
-0.18590
-0.09827
-0.04907
0.05246
0.12849
0.20149
0.24114
0.25649
0.27812
0.28550
0.30471
0.27413
0.28513
0.32780
0.37591
0.41338
0.45628
0.49629
0.58537
0.67421
0.78505
0.82421
0.90060
0.95209
1.04963
1.18960
1.25185
1.35966
1.39665
1.46784
1.50640
1.57699
1.64685
1.71417
1.80434
1.80265
1.82453
1.90201
1.94346
1.97344
1.99640
2.08271
2.13673
2.05926
2.09080
2.18593
2.18544
2.21276
2.18569
2.25023
2.25482
2.26836
2.30353
2.26220
2.31756
2.30184
2.34644
2.39104
2.41921
2.42162
2.42694
2.44906
2.45136
2.43770
2.45486
2.47432
2.50333
2.48182
2.29302
2.18508
2.11184
2.03279
1.95495
1.88291
1.81558
1.74500
1.71381
1.60720
1.56575
1.47014
1.44717
1.31748
1.20580
1.10656
0.99174
0.90290
0.81696
0.74927
0.58694
0.51587
0.35862
0.27945
0.16378
0.04037
-0.04255
-0.09114
-0.11700
-0.16209
-0.26217
-0.31196
-0.40334
-0.44806
-0.47635
-0.52748
-0.62852
-0.68908
-0.70818
-0.81539
-0.94472
-1.02703
-1.08299
-1.18319
-1.26526
-1.31990
-1.41200
-1.42856
-1.49612
-1.51317
-1.51740
-1.56986
-1.60575
-1.61228
-1.65301
-1.71877
-1.81957
-1.90684
-2.00438
-2.02711
-2.10773
-2.12876
-2.25035
-2.31901
-2.32553
-2.43504
-2.51614
-2.58830
-2.66022
-2.66856
-2.72682
-2.85966
-2.98161
-3.01304
-3.07674
-3.06538
-3.11034
-3.15542
-3.04181
-3.01884
-2.88032
-2.70760
-2.55821
-2.45099
-2.33327
-2.17142
-2.06603
-1.99568
-1.86212
-1.72433
-1.56115
-1.45998
-1.32243
-1.24943
-1.13992
-1.01228
-0.93323
-0.85697
-0.72872
-0.63662
-0.57208
-0.52711
-0.53388
-0.42522
-0.37421
-0.29118
-0.23352
-0.16499
-0.10564
-0.02599
-0.01583
0.04110
0.12994
0.13707
0.14855
0.17127
0.20379
0.22905
0.28888
0.36237
0.34895
0.35620
0.28562
0.29758
0.35898
0.36672
0.36587
0.42425
0.41035
0.42570
0.44130
0.43151
0.44166
0.42450
0.44589
0.44734
0.44130
0.40927
0.42341
0.45302
0.47925
0.50342
0.51333
0.49387
0.53014
0.52687
0.53993
0.56084
0.54355
0.55117
0.53811
0.57389
0.54984
0.55588
0.59202
0.63408
0.63868
0.60652
0.63457
0.66708
0.63372
0.66273
0.71253
0.71785
0.74794
0.79266
0.81128
0.84476
0.90133
0.91087
0.95850
1.02933
1.09822
1.15008
1.20749
1.23565
1.27783
1.33259
1.40644
1.47449
1.60442
1.69737
1.78694
1.84133
1.90164
1.98794
1.99157
2.06264
2.10301
2.15910
2.16381
2.23984
2.28420
2.34149
2.40204
2.43456
2.46151
2.51324
2.32275
2.07424
1.87844
1.70704
1.49806
1.38928
1.20386
1.02606
0.91837
0.89166
0.81672
0.67324
0.52977
0.45302
0.36877
0.30411
0.23413
0.19799
0.12123
0.06914
-0.02393
-0.05911
-0.08449
-0.16704
-0.22494
-0.27147
-0.33759
-0.46269
-0.58102
-0.70129
-0.79726
-0.91027
-1.02679
-1.12904
-1.20592
-1.27614
-1.42602
-1.54604
-1.72662
-1.85595
-1.89850
-1.96389
-2.03230
-2.08609
-2.17698
-2.23947
-2.31199
-2.46900
-2.55204
-2.65478
-2.80224
-2.99418
-3.02307
-3.07263
-3.12569
-3.11904
-3.00156
-2.96457
-2.87271
-2.85458
-2.79644
-2.57610
-2.38464
-2.17263
-2.04209
-1.91071
-1.80072
-1.63839
-1.55330
-1.36861
-1.25293
-1.11369
-1.02159
-0.98932
-0.87135
-0.81877
-0.70467
-0.59504
-0.53654
-0.47224
-0.45012
-0.39005
-0.33759
-0.25491
-0.21781
-0.11350
-0.04750
-0.01595
0.04944
0.08074
0.12595
0.18578
0.18965
0.20584
0.25552
0.32212
0.30072
0.35004
0.34823
0.38122
0.41712
0.44323
0.45423
0.47127
0.50173
0.53279
0.58658
0.63070
0.65777
0.71192
0.72957
0.80064
0.88199
0.92586
0.98630
1.03489
1.12917
1.23891
1.27360
1.36220
1.41164
1.46530
1.53637
1.55305
1.60841
1.68396
1.68396
1.70644
1.79854
1.84290
1.84338
1.93416
1.95555
1.99991
2.05865
2.10640
2.12960
2.11800
2.13395
2.16937
2.15329
2.18387
2.23536
2.24419
2.31526
2.35067
2.40821
2.42779
2.42416
2.45245
2.48859
2.47759
2.35007
2.07461
1.85342
1.61216
1.38795
1.21595
1.09713
0.98908
0.91341
0.72631
0.61015
0.45495
0.38110
0.23932
0.16463
0.07929
0.05016
-0.01245
-0.04533
-0.12583
-0.15302
-0.21563
-0.28876
-0.34122
-0.38255
-0.41241
-0.48203
-0.55008
-0.69730
-0.76281
-0.85830
-0.95560
-1.05676
-1.16313
-1.25076
-1.40656
-1.51534
-1.59681
-1.66244
-1.71985
-1.82985
-1.93428
-2.02940
-2.18411
-2.29894
-2.42972
-2.48460
-2.53621
-2.64886
-2.72839
-2.78689
-2.91985
-2.96384
-2.99829
-2.97944
-3.03709
-3.07178
-3.04845
-2.99721
-2.83016
-2.58383
-2.27320
-2.00656
-1.70475
-1.46337
-1.25318
-1.16216
-1.00068
-0.79738
-0.61124
-0.49822
-0.48058
-0.33167
-0.22651
-0.14057
-0.04907
0.00145
0.08002
0.16390
0.23026
0.27848
0.30375
0.34194
0.32200
0.35838
0.35886
0.37385
0.37784
0.41410
0.42474
0.45084
0.47562
0.49085
0.54379
0.54089
0.60894
0.66019
0.69355
0.70552
0.75399
0.79798
0.83158
0.90967
0.97179
1.03827
1.07985
1.17099
1.20386
1.22755
1.27300
1.34818
1.43146
1.50966
1.53202
1.57977
1.63972
1.66450
1.71804
1.77243
1.80422
1.82247
1.85898
1.87904
1.92763
1.97066
1.99072
1.96582
2.00620
2.02348
2.07666
2.10084
2.12102
2.16611
2.19548
2.24491
2.27598
2.31961
2.38089
2.43335
2.44096
2.45595
2.50793
2.52956
2.56969
2.56715
2.58492
2.61949
2.62360
2.63085
2.63689
2.53560
2.62348
2.64777
2.67195
2.69237
2.67642
2.73721
2.72211
2.75414
2.77420
2.76949
2.79233
2.82895
2.81348
2.79765
2.82920
2.82702
2.83355
2.83113
2.83137
2.79729
2.80321
2.69044
2.62106
2.52630
2.39854
2.27815
2.08645
1.98359
1.78428
1.58895
1.41925
1.25850
1.22115
1.13775
0.95983
0.83170
0.69778
0.59686
0.47454
0.41688
0.36249
0.26084
0.18372
0.11519
-0.00737
-0.04339
-0.16184
-0.21237
-0.31728
-0.40902
-0.48940
-0.57425
-0.63565
-0.69343
-0.75048
-0.86929
-0.95088
-1.01724
-1.15358
-1.19177
-1.31325
-1.41804
-1.50410
-1.66462
-1.79624
-1.86224
-1.97839
-2.12187
-2.30039
-2.41425
-2.64584
-2.76985
-2.91332
-3.00083
-3.11312
-3.13016
-3.18987
-3.23435
-3.23278
-3.28004
-3.27375
-3.26940
-3.32259
-3.32029
-3.31860
-1.25862
-1.23118
-1.21909
-1.20253
-1.18597
-1.12457
-1.06087
-1.01023
-0.95995
-0.88501
-0.76426
-0.56978
-0.39863
-0.31329
-0.22276
-0.10310
-0.04641
0.11096
0.18554
0.28550
0.24355
0.30169
0.32973
0.33191
0.32478
0.38086
0.38944
0.40020
0.38678
0.39198
0.43864
0.40165
0.42172
0.44468
0.43827
0.47429
0.48481
0.52470
0.51611
0.53437
0.54549
0.55020
0.57292
0.57401
0.58997
0.60665
0.65693
0.65463
0.65125
0.68497
0.69343
0.68896
0.73187
0.70890
0.74033
0.75918
0.74782
0.76160
0.78916
0.78880
0.82856
0.83340
0.86386
0.88102
0.91535
0.90278
0.90531
0.91934
0.97687
0.94726
0.99657
1.00201
1.02099
1.02655
1.06668
1.08940
1.14331
1.18791
1.21970
1.21716
1.26587
1.27167
1.31265
1.33972
1.38299
1.41309
1.44294
1.49129
1.53311
1.53928
1.56599
1.60104
1.61276
1.64625
1.66317
1.72167
1.73448
1.76240
1.80422
1.83879
1.87832
1.92207
2.00958
2.08549
2.10301
2.16889
2.20877
2.26570
2.29471
2.32046
2.32094
2.31284
2.30752
2.38234
2.39842
2.40712
2.46949
2.48774
2.52315
2.55567
2.63012
2.64693
2.70531
2.72960
2.76441
2.81010
2.83041
2.86425
2.87005
2.91356
2.90837
2.90305
2.92783
2.92613
2.92843
2.90933
2.79221
2.66119
2.60462
2.44531
2.38657
2.25905
2.17916
2.06155
1.91276
1.82272
1.58919
1.48029
1.36909
1.28593
1.20906
1.14186
0.99367
0.87788
0.80185
0.64617
0.51104
0.44142
0.31898
0.24561
0.18735
0.16027
0.04944
0.00447
-0.05596
-0.14855
-0.16523
-0.21817
-0.29649
-0.35221
-0.38461
-0.45145
-0.50221
-0.56676
-0.67204
-0.72764
-0.74673
-0.78311
-0.78735
-0.86289
-0.94774
-0.99850
-1.04347
-1.19383
-1.29983
-1.38686
-1.46579
-1.59560
-1.68347
-1.74862
-1.85547
-1.96437
-1.98504
-2.08029
-2.12114
-2.28359
-2.40277
-2.45752
-2.59096
-3.36670
-3.36888
-3.07710
-2.84406
-2.46961
-2.29894
-2.04657
-1.90019
-1.76905
-1.69822
-1.60926
-1.48392
-1.38480
-1.32074
-1.19202
-1.14597
-1.08613
-0.86349
-0.76474
-0.59746
-0.46499
-0.39029
-0.29226
-0.17357
-0.03070
0.00266
0.10226
0.10214
0.12643
0.17067
0.24440
0.28779
0.28755
0.35923
0.44637
0.45024
0.47925
0.47611
0.51370
0.52276
0.51080
0.53449
0.53001
0.52639
0.51599
0.52554
0.56132
0.57582
0.64158
0.66478
0.76269
0.79182
0.88839
0.92538
0.96684
1.05689
1.11321
1.16543
1.20918
1.27215
1.28207
1.32352
1.42252
1.47292
1.52260
1.56671
1.59741
1.65471
1.71333
1.73460
1.82973
1.85571
1.96836
2.14387
2.19451
2.26860
2.30680
2.33593
2.43625
2.45728
2.54709
2.65563
2.71618
2.82013
2.81215
2.88335
2.87501
2.88165
2.91344
2.87863
2.82170
2.40023
2.07848
1.71454
1.42058
1.26647
1.05882
0.87727
0.70395
0.60894
0.51068
0.43114
0.30326
0.23908
0.16837
0.15036
0.06370
0.01197
-0.02695
-0.11918
-0.18771
-0.22772
-0.31849
-0.37566
-0.51297
-0.54839
-0.64037
-0.69621
-0.78033
-0.84681
-0.94218
-1.03622
-1.11285
-1.24073
-1.36800
-1.48077
-1.63440
-1.73931
-1.93754
-2.11111
-2.21627
-2.31417
-2.41050
-2.52303
-2.54274
-2.60063
-2.79946
-2.94426
-3.01014
-3.14587
-3.19350
-3.19241
-3.16739
-3.26904
-3.31340
-3.27653
-3.24269
-3.22118
-3.23085
-3.01086
-2.80406
-2.43117
-2.05829
-1.63597
-1.31337
-1.04697
-0.96672
-0.80874
-0.59891
-0.50028
-0.32514
-0.23255
-0.10637
-0.03312
0.04436
0.11579
0.20572
0.26906
0.27413
0.30496
0.36926
0.38521
0.48420
0.51817
0.51031
0.51829
0.50221
0.56519
0.59311
0.68400
0.73211
0.76402
0.80342
0.86374
0.94629
1.03513
1.08287
1.16627
1.17546
1.26188
1.35930
1.48561
1.63331
1.70535
1.86502
1.92340
2.06590
2.13746
2.22896
2.39274
2.46683
2.57791
2.67799
2.77009
2.84612
2.90716
2.94281
2.93399
2.96626
3.01932
3.02150
3.04132
3.07009
3.06320
3.09330
3.10949
3.13512
3.17827
3.13741
3.17525
3.19652
3.19773
3.20945
3.20087
3.19688
3.17404
2.99551
2.90063
2.83222
2.54008
2.39926
2.19705
2.02142
1.90358
1.67646
1.49504
1.25813
1.05447
1.01519
0.90918
0.80705
0.67880
0.55866
0.49037
0.43138
0.39899
0.26712
0.18227
0.14093
0.04895
0.00181
-0.05874
-0.11047
-0.15157
-0.16281
-0.23751
-0.32889
-0.39162
-0.39947
-0.50306
-0.57220
-0.60906
-0.72643
-0.81998
-0.88162
-1.05338
-1.19963
-1.36450
-1.49612
-1.62920
-1.72034
-1.94407
-2.09346
-2.19427
-2.21627
-2.29181
-2.31091
-2.39685
-2.47191
-2.49366
-2.58637
-2.65103
-2.74410
-2.84430
-2.90486
-2.99177
-3.05679
-3.14007
-3.12484
-3.24656
-3.27823
-3.27944
-3.34325
-3.34398
-3.38665
-3.45325
-3.48782
-3.47391
-3.46884
-3.53870
-3.53532
-3.54994
-3.57992
-3.54487
-3.50860
-3.49108
-3.00035
-2.55615
-2.24721
-1.99387
-1.74149
-1.46796
-1.30986
-1.01385
-0.81708
-0.67433
-0.49327
-0.37603
-0.23521
-0.15399
-0.10105
-0.03711
-0.00520
0.08038
0.12413
0.18735
0.25624
0.35874
0.38860
0.44589
0.49037
0.58694
0.61293
0.66237
0.68787
0.67639
0.73525
0.77272
0.82397
0.90955
0.93251
1.04021
1.13485
1.17667
1.27409
1.34733
1.38758
1.49576
1.56744
1.63150
1.66099
1.75044
1.80023
1.82912
1.90950
2.00281
2.07521
2.11969
2.22569
2.26631
2.27924
2.31792
2.40096
2.46671
2.55857
2.61405
2.67267
2.83717
2.85482
2.89845
2.96215
2.98995
3.03866
3.02742
3.05305
3.09692
3.07674
3.06538
3.07734
2.89676
2.62481
2.23548
2.07400
1.96848
1.95543
1.91349
1.81631
1.62195
1.35954
1.18682
1.05471
0.96551
0.87522
0.79955
0.69548
0.59444
0.51950
0.46716
0.36418
0.27885
0.21841
0.11990
0.07917
-0.01330
-0.15290
-0.16898
-0.20802
-0.24077
-0.31414
-0.37216
-0.42401
-0.52615
-0.56071
-0.67397
-0.73090
-0.84065
-0.90374
-1.08323
-1.25680
-1.33924
-1.36921
-1.40729
-1.50882
-1.56176
-1.74983
-2.00196
-2.21723
-2.36058
-2.52654
-2.61840
-2.66022
-2.81240
-2.93750
-3.01546
-3.16848
-3.27980
-3.36429
-3.40647
-3.30010
-3.27146
-2.78435
-2.29967
-1.81498
-1.61651
-1.18162
-0.84996
-0.66224
-0.61462
-0.47441
-0.36696
-0.23231
-0.18155
-0.12595
-0.09089
0.02405
0.06998
0.16523
0.22204
0.27196
0.32321
0.40504
0.49460
0.56881
0.58719
0.58102
0.69645
0.74516
0.78807
0.85056
0.92949
0.97663
1.03380
1.13618
1.19589
1.25209
1.36909
1.45249
1.63911
1.70112
1.86248
1.92715
2.11909
2.19306
2.25785
2.33762
2.39636
2.49028
2.62287
2.72863
2.89314
2.93266
2.95200
3.02029
3.01002
3.03467
3.01848
3.02065
3.05305
3.03721
2.95140
2.36300
2.08984
1.80616
1.54085
1.31845
1.10112
0.94061
0.79013
0.66442
0.53654
0.43719
0.36757
0.24718
0.18276
0.14855
0.03578
0.03614
-0.06902
-0.07965
-0.10552
-0.21297
-0.26265
-0.32526
-0.41217
-0.50765
-0.61595
-0.69935
-0.84705
-0.96768
-1.10076
-1.32896
-1.49407
-1.62400
-1.84495
-1.99483
-2.10084
-2.15438
-2.20370
-2.29423
-2.36663
-2.45764
-2.49862
-2.60897
-2.62106
-2.70204
-2.79136
-2.85095
-2.96457
-3.02694
-3.13403
-3.21151
-3.30699
-3.32392
-3.30917
-3.29660
-3.12641
-2.62928
-2.19028
-1.69048
-1.24979
-0.88440
-0.75773
-0.54319
-0.45628
-0.32961
-0.20645
-0.09512
-0.03940
0.00556
0.07119
0.10770
0.16934
0.23280
0.31245
0.42099
0.44915
0.48976
0.63167
0.61716
0.61777
0.66599
0.77067
0.86204
1.01156
1.12566
1.23916
1.37489
1.52912
1.64540
1.75309
1.96776
2.24515
2.56389
2.74217
2.76260
2.98053
3.01014
3.06247
3.05305
3.09970
3.13488
3.10708
3.10079
3.12871
3.16497
3.15337
3.18939
3.17718
3.20522
3.19640
3.21006
3.24052
3.24801
3.23181
3.24438
3.29745
3.31183
3.26687
3.29394
3.30844
3.32525
3.30808
3.18758
2.88262
2.29773
1.95338
1.71055
1.50350
1.21692
0.97578
0.80693
0.75894
0.62623
0.50983
0.43066
0.39537
0.27365
0.20923
0.15725
0.10890
0.06394
-0.00701
-0.04956
-0.16160
-0.22591
-0.28501
-0.37663
-0.45229
-0.54718
-0.69053
-0.80342
-0.86942
-1.05676
-1.22961
-1.40306
-1.64588
-1.75442
-1.84943
-2.05188
-2.14459
-2.25821
-2.37376
-2.39479
-2.57307
-2.70530
-2.77070
-2.84430
-3.01546
-3.10127
-3.15699
-3.24027
-3.33479
-3.30591
-3.37964
-3.43379
-3.42363
-3.42665
-3.50389
-3.46026
-3.53350
-3.49470
-3.52299
-3.55006
-3.56239
-3.58040
-3.56094
-3.58850
-3.55176
-3.54269
-3.14986
-2.79390
-2.25253
-1.76252
-1.41732
-1.13436
-0.79073
-0.61728
-0.43634
-0.25830
-0.18155
-0.10226
0.01076
0.02321
0.06745
0.14311
0.22857
0.30060
0.35064
0.42643
0.54549
0.61946
0.68304
0.70914
0.83739
0.84548
0.89008
0.92538
0.98207
1.07296
1.09907
1.22659
1.27119
1.25825
1.34165
1.41865
1.52344
1.57457
1.62231
1.69919
1.77413
1.85511
1.89886
1.97187
1.99447
2.05152
2.13335
2.24926
2.33835
2.39467
2.43299
2.51385
2.56485
2.64596
2.78883
2.83548
2.91731
2.97787
3.01304
3.05401
3.10285
3.13318
3.10659
3.12158
3.12182
3.16002
3.12231
2.96010
2.72501
2.54539
2.53911
2.38125
2.19161
2.11425
1.91446
1.66969
1.45394
1.26188
1.00225
0.77018
0.64339
0.51962
0.42546
0.35246
0.25818
0.18239
0.07784
-0.00387
-0.07663
-0.11350
-0.20693
-0.28840
-0.30423
-0.39645
-0.50185
-0.57981
-0.69718
-0.80221
-0.87667
-0.93638
-1.03779
-1.11248
-1.20676
-1.27252
-1.39931
-1.55172
-1.67272
-1.78839
-1.91276
-1.98770
-2.11788
-2.23742
-2.38512
-2.45523
-2.58613
-2.64330
-2.75317
-2.88661
-2.93218
-3.09777
-3.13886
-3.20474
-3.33189
-3.37238
-3.44382
-3.33516
-3.36018
-3.04761
-2.75498
-2.78097
-2.72646
-2.75788
-2.73045
-2.63508
-2.27356
-1.97380
-1.59729
-1.30346
-0.90048
-0.78759
-0.62163
-0.40153
-0.22675
-0.09561
-0.04762
0.00544
0.00641
0.01269
0.06189
0.10262
0.06829
0.09923
0.17720
0.24996
0.32224
0.40117
0.43670
0.46281
0.46789
0.55914
0.65137
0.71470
0.75374
0.75797
0.78855
0.76245
0.78408
0.80959
0.88743
0.91934
0.90423
0.98787
0.99524
1.01676
1.00116
1.02812
1.05024
1.11635
1.15660
1.21136
1.25777
1.27360
1.32618
1.34540
1.36498
1.39327
1.46615
1.50773
1.57191
1.61639
1.66377
1.72638
1.75817
1.85269
1.86901
1.96969
2.01877
2.06723
2.13057
2.13939
2.21482
2.32251
2.43093
2.54636
2.52291
2.62203
2.73770
2.81276
2.91381
2.95103
2.96300
3.01546
3.03238
3.05752
3.11191
3.06078
3.05172
2.82980
2.52509
2.13891
1.87408
1.55886
1.30128
1.04830
0.91100
0.73936
0.64943
0.50282
0.46801
0.39839
0.32212
0.25564
0.16511
0.04992
-0.06817
-0.10346
-0.20330
-0.29311
-0.38364
-0.45943
-0.52699
-0.62393
-0.65693
-0.77816
-0.82300
-0.90193
-0.97687
-1.03996
-1.12203
-1.22296
-1.32546
-1.40318
-1.57396
-1.74125
-1.86200
-2.00789
-2.13903
-2.22146
-2.35515
-2.43141
-2.55518
-2.68270
-2.71933
-2.72815
-2.87102
-2.97146
-2.99817
-3.14285
-3.21066
-3.24342
-3.30977
-3.34241
-3.34277
-3.34749
-3.26819
-2.94318
-2.59362
-2.15656
-1.67525
-1.17594
-0.82784
-0.56108
-0.29226
-0.07071
0.12703
0.19110
0.25854
0.39875
0.46426
0.57462
0.60411
0.71918
0.74649
0.72522
0.72389
0.80282
0.87171
0.99029
1.13690
1.21982
1.30153
1.38783
1.42989
1.46542
1.56055
1.58811
1.68722
1.75382
1.84919
1.88992
1.97622
2.13988
2.19439
2.30692
2.45595
2.59664
2.77710
2.84926
2.89265
2.94161
3.00784
3.03177
3.04592
3.07227
3.07021
3.09583
3.16872
3.20752
3.21429
3.29563
3.32005
3.28270
3.28475
3.28874
3.31751
3.28113
3.12920
2.73335
2.34185
1.96304
1.74258
1.52175
1.20169
0.90362
0.68860
0.48747
0.45230
0.33481
0.30919
0.20898
0.13767
0.04098
-0.05355
-0.09537
-0.20947
-0.26748
-0.34980
-0.40250
-0.49351
-0.57993
-0.67276
-0.79339
-0.87014
-0.93094
-1.08722
-1.14814
-1.21293
-1.33670
-1.41841
-1.48295
-1.60237
-1.73013
-1.83166
-1.86357
-1.86599
-1.99036
-2.04777
-2.20490
-2.27610
-2.35200
-2.35805
-2.45390
-2.52291
-2.63689
-2.67194
-2.73770
-2.84817
-2.94003
-2.97327
-2.99757
-2.96530
-3.05728
-3.11324
-3.16654
-3.18903
-3.22384
-3.26517
-3.21610
-3.26614
-3.25321
-3.30325
-3.31304
-3.34446
-3.37359
-3.39160
-3.43886
-3.45494
-3.48769
-3.50159
-3.51755
-3.52674
-3.51404
-3.51815
-3.53858
-3.26010
-2.83331
-2.50357
-2.01768
-1.78295
-1.50036
-1.19069
-0.91051
-0.71724
-0.56833
-0.45930
-0.37409
-0.29347
-0.13223
-0.01571
0.06455
0.19533
0.23050
0.36575
0.41035
0.43163
0.50850
0.55540
0.68449
0.78868
0.85854
0.88332
0.88235
0.84428
0.86724
0.88162
0.86700
0.92925
0.99645
1.05809
1.07272
1.05942
1.19262
1.24665
1.28581
1.34081
1.42264
1.48875
1.54242
1.62872
1.62376
1.67127
1.76409
1.81486
1.85112
1.93549
2.04052
2.18569
2.35370
2.38270
2.54286
2.64354
2.67436
2.77299
2.80115
2.83427
2.88637
2.93858
3.00978
3.07456
3.13500
3.11119
3.13572
3.16147
3.12327
3.11795
2.74435
2.25918
1.78126
1.30116
1.03271
0.69923
0.54573
0.44009
0.32925
0.22965
0.13453
0.02152
-0.03469
-0.10504
-0.19363
-0.27800
-0.36237
-0.47236
-0.59649
-0.68992
-0.79303
-0.93662
-1.08009
-1.17969
-1.35785
-1.52779
-1.51486
-1.64854
-1.82380
-1.92835
-2.21723
-2.49161
-2.47396
-2.60220
-2.65672
-2.87585
-2.98524
-3.02754
-3.10405
-3.11046
-3.15228
-3.15180
-3.20800
-3.26324
-3.33250
-3.33685
-3.41735
-3.34047
-3.12182
-2.59870
-2.12803
-1.65422
-1.31277
-1.05145
-0.70552
-0.44528
-0.24875
-0.08255
-0.07180
0.03542
0.09561
0.20016
0.29722
0.46898
0.54355
0.60314
0.69391
0.77901
0.81007
0.83062
0.84657
0.82735
0.87836
0.87981
0.88972
0.96901
1.11635
1.26055
1.34468
1.46313
1.56671
1.66583
1.73847
1.80144
1.86732
1.91240
1.97840
2.07570
2.24334
2.23730
2.30220
2.38210
2.41727
2.56050
2.60668
2.65708
2.76030
2.84225
2.92311
3.04108
3.07577
3.07517
3.05945
2.83198
2.23452
1.72239
1.28134
0.88646
0.72703
0.57607
0.50282
0.36575
0.32236
0.22216
0.06950
-0.09573
-0.14807
-0.18360
-0.23521
-0.22143
-0.32018
-0.43561
-0.55286
-0.64508
-0.70600
-0.80910
-0.87413
-0.91341
-1.00104
-1.03307
-1.08299
-1.10523
-1.17860
-1.22284
-1.34504
-1.38227
-1.44258
-1.55571
-1.69375
-1.73690
-1.99943
-2.12767
-2.24310
-2.44120
-2.61236
-2.64124
-2.79463
-2.90788
-2.98077
-3.05824
-3.13016
-3.18141
-3.22782
-3.31280
-3.31340
-3.15313
-2.68584
-2.55760
-2.34064
-1.99314
-1.50205
-1.11829
-0.79883
-0.50910
-0.35922
-0.29722
-0.15906
-0.11132
-0.04122
0.05657
0.15266
0.26241
0.34944
0.43525
0.45338
0.53908
0.62296
0.70769
0.81974
0.69814
0.81490
0.93215
0.98569
1.06740
1.10729
1.21909
1.27663
1.36897
1.40656
1.51522
1.54786
1.61252
1.67501
1.73243
1.78271
1.88267
1.95072
1.96159
2.02118
2.08440
2.13637
2.18013
2.28383
2.40289
2.49004
2.58456
2.66421
2.74483
2.83778
2.97823
3.05643
3.04640
3.05607
3.11167
3.10272
3.12871
3.17803
3.20861
3.22662
3.24620
3.24378
3.29092
3.30869
3.30663
3.32899
3.29467
3.17718
2.77215
2.12296
1.85861
1.65205
1.27058
1.09375
0.92175
0.73598
0.63408
0.56482
0.50342
0.40141
0.36974
0.31342
0.25999
0.16172
0.08860
0.00411
-0.07591
-0.14964
-0.19629
-0.25552
-0.32816
-0.35125
-0.39017
-0.42631
-0.46051
-0.51527
-0.53702
-0.58380
-0.64375
-0.70660
-0.76245
-0.79472
-0.85467
-0.95100
-0.99609
-1.07139
-1.15600
-1.23722
-1.27663
-1.27723
-1.33609
-1.40209
-1.43001
-1.51111
-1.55330
-1.55463
-1.64624
-1.70257
-1.70571
-1.77860
-1.83081
-1.92811
-2.08391
-2.24044
-2.29652
-2.45136
-2.54552
-2.59423
-2.69588
-2.78689
-2.90510
-2.97775
-3.05559
-3.12980
-3.14322
-3.26336
-3.28717
-3.24849
-3.32452
-3.35051
-3.36054
-3.35981
-3.46183
-3.51767
-3.54426
-3.53157
-3.49761
-2.85820
-2.07110
-1.52816
-1.28098
-0.99234
-0.81672
-0.67385
-0.46958
-0.30628
-0.20572
-0.06430
0.04895
0.14565
0.23691
0.35947
0.42570
0.55951
0.57280
0.64484
0.69258
0.76922
0.83400
0.89927
0.90435
0.97264
0.92635
0.93046
0.98122
1.05398
1.07997
1.09206
1.09568
1.14548
1.18779
1.17050
1.23505
1.23759
1.30902
1.32497
1.35410
1.39000
1.40777
1.42360
1.48090
1.54302
1.53480
1.60926
1.62715
1.63307
1.65507
1.69882
1.72022
1.77848
1.79322
1.84230
1.89729
1.93029
1.97815
2.07388
2.10797
2.14507
2.19052
2.21639
2.27851
2.37376
2.42513
2.51663
2.57041
2.65236
2.72936
2.80768
2.87561
2.95901
3.01715
3.06211
3.09825
3.14757
3.12690
3.18697
3.19700
3.22456
3.24680
3.31872
3.29080
3.36562
3.35861
3.36695
3.33407
3.30748
3.29684
3.36876
3.35619
3.34289
3.34386
3.37081
3.10442
2.56921
2.17324
1.63295
1.35628
1.18658
1.02353
0.88211
0.76909
0.63904
0.49943
0.32901
0.25637
0.21080
0.19085
0.11700
0.07990
-0.01801
-0.12075
-0.17949
-0.30326
-0.39041
-0.49641
-0.54355
-0.60761
-0.71591
-0.85527
-0.92429
-0.97904
-1.14113
-1.21051
-1.34322
-1.40306
-1.45539
-1.54907
-1.61651
-1.68879
-1.75950
-1.86574
-2.00740
-2.10349
-2.30559
-2.40349
-2.57392
-2.71497
-2.95575
-3.06791
-3.13971
-3.26179
-3.30530
-3.44225
-3.42774
-3.49156
-3.50389
-3.54100
-3.55417
-3.52432
-3.31219
-2.72912
-1.80724
-1.46724
-0.85092
-0.55056
-0.26821
-0.17006
-0.05246
0.03566
0.13610
0.26604
0.31753
0.42703
0.45145
0.51043
0.59951
0.70020
0.81212
0.89226
0.95149
1.02703
1.07635
1.15551
1.15334
1.18416
1.28811
1.39713
1.55293
1.60104
1.61349
1.67030
1.70293
1.80011
1.85487
1.97114
2.01792
2.11268
2.18049
2.30825
2.39455
2.39552
2.55482
2.65732
2.67763
2.70712
2.77215
2.81421
2.89036
2.98403
3.03032
3.14817
3.11505
3.15820
3.14152
3.08737
2.95031
2.45015
2.00136
1.67223
1.27965
1.12276
0.95511
0.75955
0.58223
0.42425
0.28235
0.13211
0.01076
-0.09065
-0.19279
-0.31704
-0.44009
-0.52699
-0.57703
-0.70600
-0.74601
-0.85177
-0.90664
-1.01506
-1.11128
-1.18682
-1.28436
-1.36232
-1.48283
-1.55100
-1.59294
-1.63875
-1.70475
-1.78766
-1.81981
-1.88001
-1.90394
-2.02287
-2.12030
-2.16997
-2.31151
-2.40748
-2.54068
-2.76453
-2.98185
-3.09535
-3.07106
-3.20691
-3.31594
-3.33359
-3.37903
-3.30881
-3.03854
-1.86816
-1.23952
-0.96152
-0.75411
-0.47683
-0.19859
0.03010
0.27764
0.35765
0.46088
0.50874
0.54488
0.71652
0.80777
0.87667
0.92816
0.97796
1.08021
1.01881
1.04081
1.02159
1.11805
1.18767
1.22973
1.30298
1.36510
1.40148
1.51426
1.54496
1.58919
1.63440
1.70765
1.74560
1.81172
1.92449
2.01393
2.05442
2.11607
2.17493
2.28238
2.47311
2.43613
2.58347
2.64257
2.75764
2.89338
2.97787
3.05679
3.21550
3.22226
3.23882
3.25115
3.28669
3.27944
3.27448
3.27412
3.26155
3.25913
3.29176
3.27714
3.28391
3.30772
3.26264
2.85204
2.19983
1.73883
1.49431
1.14560
0.79847
0.60242
0.46801
0.34025
0.20826
0.09839
-0.01124
-0.11918
-0.18288
-0.24984
-0.38835
-0.47695
-0.61486
-0.70672
-0.77163
-0.90169
-0.95052
-1.00926
-1.13569
-1.22985
-1.34431
-1.41418
-1.46397
-1.50676
-1.56647
-1.62074
-1.66160
-1.71852
-1.81921
-1.90587
-1.99387
-2.15728
-2.28867
-2.42465
-2.60269
-2.68161
-2.80236
-2.98355
-3.13318
-3.23435
-3.23302
-3.32114
-3.40574
-3.42412
-3.42158
-3.41457
-3.49942
-3.48757
-1.59318
-1.27626
-0.89274
-0.61619
-0.47236
-0.33880
-0.18143
-0.06575
0.04146
0.11954
0.17985
0.19702
0.28126
0.34315
0.43271
0.54561
0.67530
0.77006
0.89661
1.01180
1.06245
1.12348
1.13944
1.13267
1.14850
1.13327
1.18622
1.32244
1.30757
1.28690
1.27276
1.26454
1.31808
1.40015
1.48186
1.51776
1.57638
1.64214
1.69278
1.76156
1.84290
1.92376
2.00777
2.10337
2.26715
2.27888
2.38186
2.52110
2.67364
2.76743
2.75377
2.87295
2.92130
3.03189
3.07214
3.09994
3.04664
2.46453
1.47872
1.32920
1.04855
0.87437
0.77852
0.69053
0.54827
0.39730
0.21732
0.08630
-0.00894
-0.07893
-0.14734
-0.26132
-0.44238
-0.60544
-0.71978
-0.81974
-0.88827
-1.05096
-1.14331
-1.18839
-1.30443
-1.32582
-1.39447
-1.42892
-1.44862
-1.58605
-1.64890
-1.68686
-1.73750
-1.73291
-1.80072
-1.88617
-1.97719
-2.02203
-2.14241
-2.27501
-2.43625
-2.61260
-2.76236
-2.80623
-2.97206
-3.09076
-3.17283
-3.14551
-3.04447
-2.01949
-1.29282
-0.83726
-0.56398
-0.37651
-0.10866
0.03783
0.17720
0.33602
0.43078
0.49665
0.60302
0.69754
0.83025
0.89311
0.99113
1.05302
1.02534
1.02788
1.09822
1.17074
1.12421
1.14476
1.19202
1.24786
1.28376
1.30757
1.35652
1.37683
1.39278
1.45032
1.44161
1.46083
1.51413
1.51256
1.53335
1.55052
1.57566
1.59476
1.60612
1.63126
1.64467
1.69133
1.66800
1.71345
1.72348
1.76627
1.78452
1.79492
1.85656
1.83662
1.85499
1.89004
1.91869
1.91869
1.93645
1.95398
1.98855
2.04318
2.08524
2.11099
2.14121
2.16079
2.19427
2.22291
2.25712
2.29254
2.33726
2.39805
2.44701
2.51167
2.57199
2.63278
2.70095
2.74386
2.80345
2.90160
2.94342
3.01304
3.08592
3.11179
3.15965
3.21695
3.25623
3.21574
3.22650
2.97122
2.75414
2.50913
2.35672
2.23814
2.15438
1.98516
1.96873
1.86212
1.72034
1.62364
1.48875
1.34347
1.26430
1.15431
1.06813
1.00805
0.90193
0.86216
0.73175
0.59915
0.54790
0.43489
0.31535
0.25624
0.20657
0.09476
0.00544
-0.06152
-0.16462
-0.22627
-0.28707
-0.37881
-0.49617
-0.55697
-0.62659
-0.73162
-0.79254
-0.87377
-0.95161
-1.03597
-1.07272
-1.19963
-1.22924
-1.30696
-1.36256
-1.44185
-1.49407
-1.51063
-1.60019
-1.67199
-1.70910
-1.72529
-1.77461
-1.87614
-1.91929
-1.95410
-2.03593
-2.15063
-2.23137
-2.34995
-2.45329
-2.56751
-2.71775
-2.85567
-2.98729
-3.12750
-3.25575
-3.32222
-3.36900
-2.97013
-2.56026
-2.17771
-1.89258
-1.68541
-1.43835
-1.25173
-1.00672
-0.82868
-0.66394
-0.51636
-0.38195
-0.26241
-0.19279
-0.08944
0.01064
0.12885
0.21189
0.31511
0.39827
0.48566
0.57715
0.69561
0.74879
0.86071
0.92067
1.02812
1.06099
1.11261
1.15854
1.22127
1.27493
1.31748
1.39133
1.43073
1.48295
1.52102
1.61760
1.62606
1.64069
1.68625
1.71297
1.71103
1.79044
1.81534
1.85136
1.85221
1.89209
1.90479
1.96099
2.03593
2.05321
2.10289
2.16248
2.18992
2.21373
2.30124
2.36832
2.41558
2.50261
2.56691
2.65297
2.74592
2.83137
2.92976
2.98923
3.04543
3.09680
3.12762
3.18637
3.19700
3.20063
3.21973
3.22553
3.25986
3.27907
3.24777
3.06151
2.78798
2.54805
2.41655
2.25555
1.99447
1.83432
1.68226
1.54181
1.34866
1.18283
1.03283
0.93191
0.84657
0.71084
0.62997
0.59964
0.57002
0.54440
0.52143
0.45955
0.42957
0.35379
0.30447
0.19750
0.08461
0.02272
-0.05548
-0.08836
-0.15665
-0.18916
-0.27437
-0.29565
-0.38835
-0.42703
-0.44178
-0.52204
-0.52349
-0.62296
-0.61148
-0.70201
-0.77103
-0.85890
-0.93589
-0.98448
-1.07852
-1.12856
-1.20604
-1.20821
-1.28122
-1.34637
-1.37417
-1.41659
-1.41224
-1.44596
-1.47570
-1.53432
-1.53529
-1.58641
-1.63452
-1.64479
-1.63621
-1.65882
-1.71574
-1.70233
-1.72735
-1.79274
-1.78561
-1.82453
-1.87674
-1.86490
-1.91784
-1.94902
-1.99906
-2.01647
-2.05793
-2.10059
-2.10108
-2.19076
-2.25519
-2.24721
-2.31743
-2.37400
-2.45547
-2.54515
-2.63302
-2.76477
-2.84140
-2.93496
-3.04096
-3.12811
-3.18588
-3.28282
-3.33491
-3.36175
-3.39148
-3.35812
-3.41275
-3.32778
-3.13971
-2.90740
-2.79535
-2.71933
-2.53162
-2.32952
-2.05696
-1.85692
-1.72227
-1.39955
-1.26103
-1.20797
-1.07175
-0.98049
-0.90483
-0.77550
-0.70008
-0.61281
-0.52324
-0.44976
-0.40806
-0.35427
-0.32055
-0.29819
-0.27836
-0.23195
-0.21974
-0.12921
-0.03989
0.07554
0.11942
0.12897
0.17357
0.19919
0.23606
0.25999
0.32562
0.34230
0.39440
0.46499
0.50802
0.55419
0.63795
0.65221
0.68569
0.72921
0.78928
0.80028
0.82844
0.89141
0.94629
0.96780
1.01784
1.07562
1.07804
1.14645
1.19371
1.21583
1.24593
1.25717
1.28581
1.33694
1.35761
1.37187
1.43424
1.48307
1.49335
1.52489
1.55027
1.59028
1.64745
1.64395
1.68492
1.71514
1.74741
1.80652
1.82465
1.86599
1.90346
1.93754
1.94504
2.02529
2.05829
2.09914
2.15486
2.22714
2.30293
2.39515
2.49668
2.52183
2.56558
2.64741
2.66663
2.72404
2.82001
2.87392
2.89314
2.98065
2.98306
3.04169
3.11421
3.18612
3.20510
3.17911
3.15712
3.19797
3.21646
3.20667
3.22541
3.17452
3.18455
3.16497
3.16920
3.09596
3.00965
2.97086
2.89688
2.82944
2.76344
2.69479
2.62239
2.63774
2.63689
2.59096
2.47735
2.47493
2.42634
2.14822
1.98021
1.87989
1.73134
1.64480
1.48416
1.35580
1.32449
1.18730
1.08166
0.98340
0.89190
0.81780
0.72824
0.66031
0.58332
0.48022
0.41990
0.38751
0.28199
0.20681
0.13405
0.03445
-0.06527
-0.14251
-0.22808
-0.33288
-0.40926
-0.48940
-0.58404
-0.65173
-0.77502
-0.80161
-0.87884
-0.99838
-1.01132
-1.08082
-1.15201
-1.26345
-1.31011
-1.34564
-1.41550
-1.45708
-1.46978
-1.55583
-1.61143
-1.65761
-1.68782
-1.72505
-1.79878
-1.83432
-1.86635
-1.91590
-1.98359
-2.01381
-2.08271
-2.12271
-2.18641
-2.25446
-2.32348
-2.39914
-2.45668
-2.57114
-2.70833
-2.83294
-2.96638
-3.09898
-3.15216
-3.27750
-3.31171
-3.24064
-3.34229
-3.37154
-3.38447
-3.36827
-3.33975
-3.28548
-3.28101
-3.02791
-2.77589
-2.36699
-2.03569
-1.76313
-1.57529
-1.44210
-1.33766
-1.19673
-0.95729
-0.83581
-0.70431
-0.52651
-0.43199
-0.38183
-0.21962
-0.12147
-0.04980
0.18626
0.33324
0.45012
0.58042
0.69597
0.81926
0.92888
1.05519
1.13340
1.22888
1.31784
1.40692
1.43267
1.39073
